0,1,23.86,1.99715,1
0,2,23.7197,1.90398,1
0,3,23.6048,1.89563,1
0,4,23.842,1.92747,1
0,5,24.0022,1.96015,1
0,6,23.8719,1.92754,1
0,7,23.9735,2.01931,1
0,8,24.0653,1.98137,1
0,9,24.1248,1.93515,1
0,10,23.6189,1.93906,1
0,11,23.9907,1.96386,1
0,12,24.0524,1.94067,1
0,13,23.9791,1.91574,1
0,14,24.1424,1.96096,1
0,15,24.0972,2.03738,1
0,16,23.722,1.90194,1
0,17,23.9094,1.88996,1
0,18,24.0823,1.90572,1
0,19,24.2675,1.93273,1
0,20,23.7453,1.86675,1
0,21,23.9081,1.8877,1
0,22,23.9576,1.91411,1
0,23,24.0187,1.9227,1
0,24,24.0658,1.96905,1
0,25,23.8281,1.93008,1
0,26,23.8982,1.90458,1
0,27,23.4518,1.87516,1
0,28,23.9918,1.96828,1
0,29,23.8215,1.87863,1
0,30,23.7642,1.90431,1
0,31,24.0403,1.90796,1
0,32,23.6662,1.9293,1
0,33,0.5,0,0
0,34,23.2084,1.87711,1
0,35,23.2394,1.85809,1
0,36,23.2974,1.85101,1
0,37,23.717,1.90275,1
0,38,23.335,1.82989,1
0,39,23.2691,1.84127,1
0,40,23.1333,1.81312,1
0,41,23.3084,1.83323,1
0,42,0.5,0,0
0,43,22.9211,1.80491,1
0,44,23.0532,1.8218,1
0,45,23.0348,1.8507,1
0,46,23.0606,1.82231,1
0,47,22.8857,1.81139,1
0,48,23.0538,1.81776,1
0,49,22.5297,1.80603,1
0,50,23.0609,1.82705,1
0,51,23.2422,1.84764,1
0,52,22.8222,1.82108,1
0,53,23.1011,1.82948,1
0,54,23.0214,1.80664,1
0,55,23.0722,1.82443,1
0,56,22.7991,1.80945,1
0,57,23.3048,1.83963,1
0,58,23.3371,1.91494,1
0,59,23.4587,1.91103,1
0,60,23.1674,1.81535,1
0,61,22.4731,1.75175,1
0,62,23.0464,1.82714,1
0,63,23.602,1.87157,1
0,64,23.4255,1.83949,1
0,65,23.2261,1.83251,1
0,66,23.1315,1.79879,1
0,67,23.3281,1.81629,1
0,68,23.2063,1.81329,1
0,69,23.1149,1.84984,1
0,70,22.843,1.78993,1
0,71,22.9731,1.82707,1
0,72,23.2612,1.82544,1
0,73,22.7482,1.80186,1
0,74,23.791,4.49468,1
0,75,23.7716,4.39219,1
0,76,23.0143,1.82894,1
0,77,23.4527,1.85608,1
0,78,23.2281,1.83293,1
0,79,23.0256,1.81703,1
0,80,23.0007,1.81741,1
0,81,22.8678,1.82321,1
0,82,22.8567,1.78521,1
0,83,23.0729,1.8142,1
0,84,23.3551,1.83132,1
0,85,23.2326,1.82033,1
0,86,23.2225,1.85829,1
0,87,22.9916,1.82397,1
0,88,23.1084,1.88079,1
0,89,23.2238,1.84335,1
0,90,22.8928,1.80338,1
0,91,23.2062,1.8401,1
0,92,23.3429,1.83949,1
0,93,23.0368,1.80815,1
0,94,23.165,1.82977,1
0,95,23.2263,1.85961,1
0,96,23.2393,1.99157,1
0,97,22.9883,1.81334,1
0,98,23.4101,1.86203,1
0,99,23.2875,1.83802,1
0,100,23.3427,1.84031,1
0,101,23.2614,1.82158,1
0,102,23.2695,1.81934,1
0,103,23.4686,1.83438,1
0,104,23.1038,1.79884,1
0,105,23.0049,1.80926,1
0,106,23.414,1.84469,1
0,107,23.3432,1.83084,1
0,108,23.1979,1.80856,1
0,109,23.2197,1.8165,1
0,110,23.1648,1.82343,1
0,111,23.0413,1.80108,1
0,112,23.4464,1.84422,1
0,113,23.0808,1.82119,1
0,114,23.1791,1.8277,1
0,115,23.3832,1.84494,1
0,116,23.1829,1.82713,1
0,117,23.117,1.79911,1
0,118,23.2769,1.81647,1
0,119,23.2548,1.81143,1
0,120,23.5503,1.83059,1
0,121,23.0674,1.8103,1
0,122,23.3558,1.83344,1
0,123,23.0562,1.80765,1
0,124,23.249,1.83554,1
0,125,23.5221,1.83857,1
0,126,23.3371,1.82503,1
0,127,23.2734,1.86063,1
0,128,23.588,2.47359,1
0,129,25.9899,4.7636,1
0,130,25.6253,2.85506,1
0,131,25.5425,2.72861,1
0,132,25.0575,2.70748,1
0,133,25.6608,2.8179,1
0,134,25.8822,2.81822,1
0,135,25.742,2.73846,1
0,136,25.5234,2.76242,1
0,137,25.5244,2.78201,1
0,138,25.7769,2.83584,1
0,139,25.8502,2.75587,1
0,140,25.8024,2.72966,1
0,141,25.4065,2.79718,1
0,142,25.5847,2.77388,1
0,143,25.43,2.76033,1
0,144,25.4591,2.7564,1
0,145,25.4081,2.72733,1
0,146,25.2789,2.6862,1
0,147,25.5717,2.75865,1
0,148,25.2993,2.71148,1
0,149,25.5007,2.74749,1
0,150,25.5264,2.89039,1
0,151,25.532,2.79227,1
0,152,25.7444,2.80338,1
0,153,25.6418,2.87583,1
0,154,25.668,2.81711,1
0,155,25.7479,2.79103,1
0,156,25.8288,2.87814,1
0,157,26.1043,2.96571,1
0,158,25.9598,2.90304,1
0,159,25.701,2.89261,1
0,160,25.1424,4.54313,1
0,161,27.6674,18.8593,0
0,162,25.9568,2.859,1
0,163,26.0795,2.81977,1
0,164,26.3933,2.99655,1
0,165,25.9309,2.9518,1
0,166,25.8717,2.82118,1
0,167,26.1357,3.05698,1
0,168,26.006,2.80609,1
0,169,26.0129,2.8038,1
0,170,0.5,0,0
0,171,25.9056,2.83486,1
0,172,26.0414,2.84052,1
0,173,25.9122,2.84569,1
0,174,25.8698,2.80177,1
0,175,25.7747,2.83399,1
0,176,25.8364,2.96817,1
0,177,25.8525,2.89455,1
0,178,25.8255,2.81783,1
0,179,25.8951,2.90516,1
0,180,26.2024,2.92916,1
0,181,26.0451,2.81577,1
0,182,26.2701,2.86429,1
0,183,25.8656,2.77287,1
0,184,25.741,2.75149,1
0,185,26.0254,2.86208,1
0,186,25.8945,2.81146,1
0,187,26.0941,2.84059,1
0,188,26.1676,2.90428,1
0,189,26.0488,2.91746,1
0,190,25.9044,2.85174,1
0,191,25.935,2.79484,1
0,192,25.7952,3.38051,1
0,193,25.8132,3.62709,1
0,194,25.3409,3.09669,1
0,195,25.2601,2.73354,1
0,196,25.4631,2.71654,1
0,197,25.3734,2.74873,1
0,198,25.4302,2.80441,1
0,199,25.2217,2.71838,1
0,200,25.2756,2.72019,1
0,201,25.252,2.70687,1
0,202,25.2807,2.71792,1
0,203,25.2083,2.696,1
0,204,25.4022,2.72327,1
0,205,25.3155,2.72604,1
0,206,25.3847,2.73147,1
0,207,25.4084,2.76745,1
0,208,25.2531,2.69121,1
0,209,25.3278,2.71974,1
0,210,25.3055,2.6767,1
0,211,25.0386,2.66321,1
0,212,25.4166,2.75513,1
0,213,25.3567,2.76966,1
0,214,25.4954,2.87263,1
0,215,25.5935,2.78857,1
0,216,25.3956,2.7153,1
0,217,25.5789,2.75462,1
0,218,25.1658,2.68602,1
0,219,25.127,2.73496,1
0,220,25.2867,2.74434,1
0,221,25.3151,2.69699,1
0,222,25.3973,2.74648,1
0,223,25.4835,2.73209,1
0,224,25.3234,2.72578,1
0,225,25.3571,2.7037,1
0,226,25.2408,2.67738,1
0,227,25.1923,2.68689,1
0,228,25.4111,2.76268,1
0,229,25.4695,2.77778,1
0,230,25.358,2.75645,1
0,231,25.3684,2.83274,1
0,232,25.2762,2.91262,1
0,233,25.2234,2.70879,1
0,234,25.3785,2.70856,1
0,235,25.4475,2.76379,1
0,236,25.2739,2.71529,1
0,237,25.1628,2.76244,1
0,238,25.2993,2.79979,1
0,239,25.2326,2.76151,1
0,240,25.2632,2.86591,1
0,241,24.9927,2.66151,1
0,242,25.2067,2.80043,1
0,243,25.173,2.88574,1
0,244,24.9624,2.89646,1
0,245,25.358,3.04071,1
0,246,25.1166,2.95589,1
0,247,25.2199,2.81361,1
0,248,25.3598,2.93593,1
0,249,25.2949,2.77657,1
0,250,25.4306,2.73691,1
0,251,25.2781,2.80737,1
0,252,25.4136,2.73678,1
0,253,25.3619,2.74257,1
0,254,25.478,2.77979,1
0,255,25.5055,2.75718,1
0,256,25.4614,4.68294,1
0,257,24.2529,2.32888,1
0,258,24.3391,2.33087,1
0,259,24.1691,2.34261,1
0,260,24.0662,2.38748,1
0,261,24.1322,2.33637,1
0,262,24.1197,2.31611,1
0,263,24.3074,2.33358,1
0,264,23.993,2.2869,1
0,265,24.2387,2.27786,1
0,266,24.2306,2.25401,1
0,267,24.0937,2.23469,1
0,268,24.349,2.28447,1
0,269,24.0574,2.30545,1
0,270,24.356,2.38338,1
0,271,24.2488,2.29248,1
0,272,24.1486,2.3063,1
0,273,24.0573,2.27544,1
0,274,23.917,2.28663,1
0,275,24.1493,2.27378,1
0,276,24.1623,2.35277,1
0,277,24.3327,2.31296,1
0,278,24.2031,2.27574,1
0,279,24.3354,2.28068,1
0,280,24.2473,2.301,1
0,281,24.2358,2.28725,1
0,282,24.206,2.30225,1
0,283,24.3683,2.26765,1
0,284,24.3978,2.25525,1
0,285,24.4144,2.22822,1
0,286,24.5155,2.29495,1
0,287,23.9871,2.23208,1
0,288,25.4933,11.6595,0
0,289,28.2862,16.9789,0
0,290,24.0712,2.37462,1
0,291,24.2927,2.31426,1
0,292,24.4398,2.26798,1
0,293,24.5729,2.27025,1
0,294,24.4007,2.29982,1
0,295,24.5812,2.29005,1
0,296,24.2573,2.34865,1
0,297,24.3587,2.29666,1
0,298,0.5,0,0
0,299,24.3927,2.23838,1
0,300,24.2697,2.3077,1
0,301,24.5051,2.30559,1
0,302,24.4134,2.29342,1
0,303,24.1698,2.34511,1
0,304,24.1988,2.32163,1
0,305,24.2761,2.33316,1
0,306,24.5029,2.31742,1
0,307,24.485,2.42033,1
0,308,24.3447,2.21104,1
0,309,24.3803,2.3332,1
0,310,24.1696,2.23656,1
0,311,24.2703,2.29622,1
0,312,24.4238,2.32685,1
0,313,24.2166,2.35871,1
0,314,24.4639,2.33248,1
0,315,24.2237,2.34356,1
0,316,24.3838,2.40845,1
0,317,24.3531,2.41248,1
0,318,24.4731,2.38617,1
0,319,24.2449,2.36075,1
0,320,24.4759,2.38724,1
0,321,24.2712,2.42487,1
0,322,23.8137,2.56822,1
0,323,24.3669,2.04727,1
0,324,23.8415,2.55427,1
0,325,24.4305,2.05318,1
0,326,24.1247,2.47365,1
0,327,24.0581,2.44929,1
0,328,23.935,2.48131,1
0,329,24.1504,2.45771,1
0,330,24.0425,2.46139,1
0,331,24.1133,2.39801,1
0,332,23.8249,2.41132,1
0,333,23.8692,2.40602,1
0,334,23.9034,2.37228,1
0,335,23.9023,2.36435,1
0,336,23.8481,2.37561,1
0,337,24.2205,2.44852,1
0,338,24.0333,2.42767,1
0,339,23.9212,2.33251,1
0,340,24.0609,2.3843,1
0,341,23.9585,2.38758,1
0,342,23.9836,2.37131,1
0,343,24.1748,2.32734,1
0,344,23.9473,2.39262,1
0,345,24.1653,2.48162,1
0,346,23.9698,2.34586,1
0,347,24.043,2.36365,1
0,348,24.0552,2.38812,1
0,349,23.9961,2.35851,1
0,350,23.8939,2.40465,1
0,351,24.0784,2.38957,1
0,352,24.0007,2.36291,1
0,353,23.9729,2.36058,1
0,354,24.1358,2.34009,1
0,355,24.0077,2.40875,1
0,356,23.8818,2.46764,1
0,357,24.012,2.42691,1
0,358,24.1013,2.51121,1
0,359,24.0834,2.38771,1
0,360,23.9375,2.3781,1
0,361,23.9902,2.33759,1
0,362,24.0897,2.35763,1
0,363,24.1227,2.37087,1
0,364,23.9049,2.38215,1
0,365,24.1612,2.38285,1
0,366,23.9348,2.35699,1
0,367,24.0567,2.3568,1
0,368,24.0932,2.46248,1
0,369,23.8915,2.42028,1
0,370,23.7385,2.39666,1
0,371,24.1542,2.36722,1
0,372,23.7917,2.40675,1
0,373,23.9203,2.41438,1
0,374,23.9708,2.38469,1
0,375,23.9081,2.37694,1
0,376,24.0623,2.42146,1
0,377,24.073,2.38872,1
0,378,24.0766,2.42905,1
0,379,24.2125,2.68205,1
0,380,24.2276,2.14815,1
0,381,23.9926,2.58088,1
0,382,24.1623,2.10633,1
0,383,23.875,2.52764,1
0,384,24.0697,2.37898,1
0,385,25.3376,2.11587,1
0,386,25.2951,2.15023,1
0,387,25.019,2.1353,1
0,388,25.2983,2.18416,1
0,389,25.2635,2.21022,1
0,390,25.2641,2.20384,1
0,391,25.2236,2.18353,1
0,392,25.302,2.16856,1
0,393,25.086,2.15999,1
0,394,25.5216,2.14309,1
0,395,25.2973,2.09673,1
0,396,25.3203,2.15225,1
0,397,25.2861,2.20215,1
0,398,25.0067,2.20038,1
0,399,24.8789,2.18238,1
0,400,25.0089,2.26856,1
0,401,25.0564,2.20941,1
0,402,24.9872,2.14317,1
0,403,25.0368,2.1321,1
0,404,25.0341,2.08858,1
0,405,25.1512,2.1559,1
0,406,25.2275,2.08681,1
0,407,25.1057,2.13609,1
0,408,25.106,2.14554,1
0,409,25.1996,2.13383,1
0,410,25.2105,2.1013,1
0,411,25.3164,2.08289,1
0,412,25.1266,2.10529,1
0,413,25.3607,2.09109,1
0,414,25.1587,2.12426,1
0,415,25.452,2.27102,1
0,416,27.8694,16.9854,0
0,417,24.2468,3.05846,1
0,418,26.4313,11.5531,0
0,419,25.2744,2.12776,1
0,420,25.4002,2.15486,1
0,421,25.0654,2.10292,1
0,422,25.2825,2.11361,1
0,423,24.9806,2.08221,1
0,424,25.0275,2.10544,1
0,425,25.1002,2.12092,1
0,426,0.5,0,0
0,427,25.0987,2.09639,1
0,428,24.7422,2.06906,1
0,429,24.9906,2.09659,1
0,430,24.5168,2.07966,1
0,431,24.7015,2.11811,1
0,432,24.6582,2.11844,1
0,433,24.5726,2.13454,1
0,434,24.6088,2.14123,1
0,435,24.6419,2.1461,1
0,436,24.6675,2.14459,1
0,437,24.9017,2.10385,1
0,438,25.1808,2.10383,1
0,439,25.3935,2.14217,1
0,440,24.6527,2.21995,1
0,441,24.789,2.10752,1
0,442,24.8324,2.10776,1
0,443,24.9762,2.14547,1
0,444,24.9197,2.12631,1
0,445,24.9535,2.09831,1
0,446,24.6838,2.11069,1
0,447,24.8459,2.05198,1
0,448,25.3422,2.08355,1
0,449,25.0228,2.09765,1
0,450,24.8952,2.09493,1
0,451,24.7587,2.08333,1
0,452,25.0675,2.07785,1
0,453,24.8226,2.10284,1
0,454,24.7656,2.02919,1
0,455,24.9956,2.06327,1
0,456,24.8085,2.05276,1
0,457,24.9023,2.05467,1
0,458,24.6343,2.02651,1
0,459,24.7099,2.02023,1
0,460,24.6597,2.01366,1
0,461,24.7217,2.02293,1
0,462,24.5785,2.02881,1
0,463,24.8618,2.0502,1
0,464,24.8411,2.07334,1
0,465,24.5393,1.99387,1
0,466,25.0074,2.11411,1
0,467,24.8339,2.05604,1
0,468,24.7889,2.02079,1
0,469,24.7625,2.04347,1
0,470,24.6327,2.0194,1
0,471,24.8683,2.04883,1
0,472,24.8176,2.01105,1
0,473,24.8889,2.02808,1
0,474,25.0298,2.05855,1
0,475,24.9851,2.05432,1
0,476,24.8857,2.02284,1
0,477,24.9122,2.05226,1
0,478,24.6683,2.03876,1
0,479,24.9957,2.01646,1
0,480,24.9778,2.02383,1
0,481,25.0039,2.0307,1
0,482,24.952,2.07605,1
0,483,24.883,2.02944,1
0,484,24.8215,2.0128,1
0,485,24.9673,2.035,1
0,486,24.9241,2.06069,1
0,487,24.8297,2.12704,1
0,488,24.9205,2.05872,1
0,489,24.7071,2.02279,1
0,490,24.9807,2.02392,1
0,491,24.7512,2.01522,1
0,492,24.7601,1.99585,1
0,493,24.6402,2.02171,1
0,494,24.9691,2.01774,1
0,495,24.9121,2.04259,1
0,496,24.626,2.04145,1
0,497,24.7625,2.02745,1
0,498,24.7652,2.03156,1
0,499,24.6722,2.071,1
0,500,24.7558,2.03519,1
0,501,24.8751,2.05283,1
0,502,24.8088,2.09453,1
0,503,24.8219,2.06895,1
0,504,24.714,2.16983,1
0,505,25.1032,2.23766,1
0,506,24.7951,2.16018,1
0,507,24.9845,2.08681,1
0,508,24.5926,2.01568,1
0,509,25.0602,2.03791,1
0,510,24.7597,2.02375,1
0,511,24.8328,2.04965,1
0,512,25.3667,2.28341,1
0,513,27.9945,2.66211,1
0,514,27.8768,2.67693,1
0,515,27.509,2.72588,1
0,516,27.7928,2.70137,1
0,517,27.9117,2.72773,1
0,518,27.7524,2.7412,1
0,519,27.6687,2.68048,1
0,520,27.681,2.72074,1
0,521,27.638,2.76857,1
0,522,28.0877,2.75496,1
0,523,27.8617,2.74818,1
0,524,27.6867,2.68827,1
0,525,27.7056,2.75711,1
0,526,27.5457,2.66366,1
0,527,27.0685,2.69362,1
0,528,27.4032,2.7017,1
0,529,27.4595,2.67299,1
0,530,27.4336,2.79293,1
0,531,27.5232,2.80301,1
0,532,27.3499,2.70329,1
0,533,27.2705,2.65484,1
0,534,27.278,2.64622,1
0,535,27.646,2.73942,1
0,536,27.5705,2.68625,1
0,537,27.6103,2.71111,1
0,538,27.4829,2.63849,1
0,539,27.6645,2.7066,1
0,540,27.5087,2.67093,1
0,541,27.274,2.61536,1
0,542,27.6872,2.65497,1
0,543,28.0482,11.5092,0
0,544,25.2349,2.77903,1
0,545,25.0383,2.06291,1
0,546,28.1922,16.9,0
0,547,27.5841,2.81764,1
0,548,27.5982,2.72386,1
0,549,27.4919,2.71206,1
0,550,27.4755,2.67964,1
0,551,27.4742,2.68782,1
0,552,27.7048,2.6432,1
0,553,27.5883,2.67131,1
0,554,0.5,0,0
0,555,27.8363,2.67599,1
0,556,27.3906,2.74678,1
0,557,27.8118,2.72665,1
0,558,27.5399,2.74389,1
0,559,27.6059,2.71983,1
0,560,27.562,2.66127,1
0,561,27.5737,2.77419,1
0,562,27.4812,2.69017,1
0,563,27.5652,2.74832,1
0,564,27.7209,2.81379,1
0,565,27.7206,2.70233,1
0,566,28.0642,2.71332,1
0,567,28.0068,2.69257,1
0,568,28.0551,2.69315,1
0,569,27.9801,2.75318,1
0,570,27.9628,2.68601,1
0,571,27.9183,2.74053,1
0,572,27.9192,2.71562,1
0,573,28.1427,2.77572,1
0,574,28.0646,2.7473,1
0,575,27.7962,2.65136,1
0,576,27.9673,2.68625,1
0,577,28.0606,2.67949,1
0,578,28.2509,3.05149,1
0,579,27.349,2.95407,1
0,580,27.6199,2.73739,1
0,581,27.6387,2.7017,1
0,582,27.5346,2.80156,1
0,583,27.5369,2.82853,1
0,584,27.5661,2.70095,1
0,585,27.7764,2.70382,1
0,586,27.6101,2.64203,1
0,587,27.4742,2.64486,1
0,588,27.9414,2.7429,1
0,589,27.5107,2.70975,1
0,590,27.5425,2.64919,1
0,591,27.6337,2.68948,1
0,592,27.4022,2.65098,1
0,593,27.6485,2.67593,1
0,594,27.6127,2.61677,1
0,595,27.6737,2.64191,1
0,596,27.8675,2.6408,1
0,597,27.8454,2.68651,1
0,598,27.489,2.61519,1
0,599,27.6128,2.77248,1
0,600,27.7166,2.63056,1
0,601,27.621,2.66078,1
0,602,27.8208,2.67312,1
0,603,27.7897,2.69956,1
0,604,27.7159,2.6723,1
0,605,27.8067,2.65987,1
0,606,27.9947,2.72275,1
0,607,27.7589,2.71318,1
0,608,27.6153,2.62428,1
0,609,27.5724,2.56976,1
0,610,27.5332,2.60048,1
0,611,27.6305,2.63237,1
0,612,27.8562,2.61512,1
0,613,27.8945,2.67116,1
0,614,27.825,2.66274,1
0,615,27.598,2.63355,1
0,616,27.8127,2.64811,1
0,617,27.7105,2.64933,1
0,618,27.6647,2.70361,1
0,619,27.5991,2.6673,1
0,620,27.6071,2.63273,1
0,621,27.6366,2.67001,1
0,622,27.8195,2.72197,1
0,623,27.3886,2.63313,1
0,624,27.5778,2.66152,1
0,625,27.5236,2.66723,1
0,626,27.3164,2.71139,1
0,627,27.4283,2.67318,1
0,628,27.4294,2.68826,1
0,629,27.6592,2.67395,1
0,630,27.5024,2.67412,1
0,631,27.4048,2.64824,1
0,632,27.621,2.68726,1
0,633,27.6204,2.64301,1
0,634,27.6482,2.66511,1
0,635,27.4806,2.78396,1
0,636,27.7597,2.73557,1
0,637,27.4327,2.71755,1
0,638,27.7072,2.95508,1
0,639,27.914,2.91845,1
0,640,27.968,2.65885,1
0,641,26.3813,2.88063,1
0,642,26.4237,2.95488,1
0,643,26.4027,2.9344,1
0,644,26.4595,3.00834,1
0,645,26.3839,2.95656,1
0,646,26.5832,2.95366,1
0,647,26.4085,2.9627,1
0,648,26.4933,2.94903,1
0,649,26.5209,2.9995,1
0,650,26.4938,2.92208,1
0,651,26.2897,2.90227,1
0,652,26.4343,2.89099,1
0,653,26.5477,3.06862,1
0,654,26.202,2.91532,1
0,655,26.3263,2.9505,1
0,656,26.3569,2.98462,1
0,657,26.4719,2.9254,1
0,658,26.3626,2.93774,1
0,659,26.575,3.21865,1
0,660,26.2178,2.89943,1
0,661,26.4763,2.92852,1
0,662,26.5958,2.96898,1
0,663,26.6282,2.93627,1
0,664,26.3513,2.91811,1
0,665,26.5574,2.90936,1
0,666,26.5951,2.91899,1
0,667,26.3002,2.89303,1
0,668,26.4779,2.90915,1
0,669,26.568,2.9141,1
0,670,26.5722,2.94737,1
0,671,29.1221,16.814,0
0,672,27.8155,2.61616,1
0,673,27.7488,2.67916,1
0,674,28.1029,3.1951,1
0,675,27.3413,11.5692,0
0,676,26.7788,2.93621,1
0,677,26.3615,2.88593,1
0,678,26.1822,2.88759,1
0,679,26.4016,2.8877,1
0,680,26.6049,2.90494,1
0,681,26.3319,2.89953,1
0,682,0.5,0,0
0,683,26.2844,2.89029,1
0,684,26.406,2.89148,1
0,685,26.2159,2.95662,1
0,686,26.0722,2.89264,1
0,687,26.2921,2.96572,1
0,688,26.3928,2.968,1
0,689,25.952,2.92291,1
0,690,26.0359,2.91271,1
0,691,26.0206,2.90673,1
0,692,26.0325,2.86891,1
0,693,26.293,2.96525,1
0,694,26.2237,2.83721,1
0,695,26.3493,2.93199,1
0,696,26.252,2.91251,1
0,697,26.396,2.97325,1
0,698,26.1408,2.98893,1
0,699,26.7055,3.06106,1
0,700,26.2094,3.04525,1
0,701,25.9531,2.93893,1
0,702,26.3625,2.94888,1
0,703,25.8884,2.89088,1
0,704,26.4203,2.9497,1
0,705,26.4336,2.95959,1
0,706,26.3919,2.9425,1
0,707,26.3176,2.94747,1
0,708,26.1502,2.95052,1
0,709,26.1766,2.95651,1
0,710,26.1035,2.88784,1
0,711,26.1871,2.9028,1
0,712,25.9947,2.87113,1
0,713,26.0234,2.87648,1
0,714,26.0673,2.89828,1
0,715,26.0937,2.89296,1
0,716,25.8652,2.86686,1
0,717,25.9488,2.87845,1
0,718,25.8419,2.89133,1
0,719,26.0189,2.8977,1
0,720,25.9797,2.86476,1
0,721,25.9046,2.87771,1
0,722,26.3939,2.95226,1
0,723,25.8885,2.88894,1
0,724,25.9094,2.89837,1
0,725,25.9951,3.03547,1
0,726,26.0604,2.91607,1
0,727,26.0424,2.90826,1
0,728,26.0617,2.91433,1
0,729,25.943,2.93571,1
0,730,25.8492,2.87648,1
0,731,25.853,2.87702,1
0,732,25.9648,2.90596,1
0,733,26.1178,2.89237,1
0,734,26.1744,2.91668,1
0,735,25.994,2.87342,1
0,736,26.0462,2.87323,1
0,737,25.8432,2.88654,1
0,738,26.1458,2.91745,1
0,739,26.1702,2.89942,1
0,740,25.9044,2.88901,1
0,741,26.0151,2.95191,1
0,742,25.9844,2.90437,1
0,743,26.0137,2.89781,1
0,744,25.938,2.87735,1
0,745,26.0295,2.9072,1
0,746,25.7961,2.89926,1
0,747,26.1176,2.92516,1
0,748,26.0366,2.908,1
0,749,26.0589,2.9007,1
0,750,25.8647,2.87526,1
0,751,26.1535,2.90809,1
0,752,25.9232,2.90776,1
0,753,26.0767,2.89295,1
0,754,26.1166,2.9056,1
0,755,25.8698,2.87116,1
0,756,26.0121,2.89225,1
0,757,26.0217,2.89253,1
0,758,25.9742,2.88523,1
0,759,26.1851,2.9243,1
0,760,26.109,2.93029,1
0,761,26.0962,2.94404,1
0,762,26.1477,2.92688,1
0,763,26.202,2.90479,1
0,764,26.3181,2.9062,1
0,765,26.1604,2.90591,1
0,766,26.077,2.98586,1
0,767,26.2878,2.99134,1
0,768,0,0,0
1,1,32.156,4.23435,1
1,2,32.6867,4.98978,1
1,3,31.7812,4.37346,1
1,4,32.2061,3.35188,1
1,5,31.6387,3.33711,1
1,6,32.1012,3.30075,1
1,7,31.8554,3.25134,1
1,8,31.7022,3.26137,1
1,9,32.0424,3.28535,1
1,10,32.6167,4.82417,1
1,11,32.7366,4.71707,1
1,12,31.5778,3.26882,1
1,13,31.9891,3.26023,1
1,14,32.1013,3.26242,1
1,15,31.5755,3.40579,1
1,16,31.5805,3.24837,1
1,17,31.4319,3.28741,1
1,18,31.6066,3.26744,1
1,19,31.7297,3.27355,1
1,20,31.486,3.27602,1
1,21,31.2759,3.18079,1
1,22,31.5332,3.22556,1
1,23,31.7188,3.23379,1
1,24,31.2884,3.20619,1
1,25,31.0082,3.19544,1
1,26,31.2525,3.20522,1
1,27,31.3374,3.15925,1
1,28,31.214,3.16471,1
1,29,31.5035,3.21312,1
1,30,31.0681,3.15732,1
1,31,30.7673,3.16675,1
1,32,31.2012,3.19003,1
1,33,0.5,0,0
1,34,31.1095,3.15306,1
1,35,31.1125,3.16883,1
1,36,31.244,3.15594,1
1,37,31.2212,3.15374,1
1,38,30.8498,3.11475,1
1,39,31.3225,3.13077,1
1,40,31.3441,3.15667,1
1,41,31.0188,3.14347,1
1,42,0.5,0,0
1,43,32.0523,4.72601,1
1,44,32.2924,4.58318,1
1,45,31.3829,3.16013,1
1,46,31.2018,3.13053,1
1,47,31.1587,3.1565,1
1,48,31.2518,3.18633,1
1,49,31.2563,3.14446,1
1,50,31.4963,3.19259,1
1,51,31.1114,3.24844,1
1,52,31.3226,3.13885,1
1,53,31.7031,3.18182,1
1,54,31.3534,3.16885,1
1,55,31.5645,3.18459,1
1,56,31.5643,3.20075,1
1,57,31.8556,3.21676,1
1,58,31.3929,3.21985,1
1,59,31.2962,3.19449,1
1,60,31.2448,3.13441,1
1,61,31.2115,3.19461,1
1,62,32.0382,3.21678,1
1,63,31.6349,3.14516,1
1,64,31.2742,3.17322,1
1,65,31.5044,3.18191,1
1,66,31.6094,3.17784,1
1,67,31.368,3.12363,1
1,68,31.8786,3.20437,1
1,69,31.4411,3.19462,1
1,70,31.4974,3.1863,1
1,71,31.7714,3.19205,1
1,72,31.1149,3.16265,1
1,73,31.1763,3.13593,1
1,74,31.2326,3.15676,1
1,75,31.2553,3.16617,1
1,76,31.2969,3.69396,1
1,77,31.0122,4.46003,1
1,78,31.0541,3.65285,1
1,79,31.3828,3.19564,1
1,80,31.0278,3.13461,1
1,81,31.4283,3.19101,1
1,82,31.4552,3.18476,1
1,83,31.7921,3.21534,1
1,84,31.3308,3.19343,1
1,85,31.5085,3.19312,1
1,86,31.2184,3.16576,1
1,87,31.4271,3.22785,1
1,88,30.779,3.12896,1
1,89,31.3178,3.19539,1
1,90,31.2844,3.20457,1
1,91,31.0723,3.18127,1
1,92,31.2126,3.21405,1
1,93,30.9211,3.13588,1
1,94,31.4033,3.20427,1
1,95,31.2829,3.16374,1
1,96,31.2193,3.19362,1
1,97,31.2679,3.07417,1
1,98,31.3314,3.20222,1
1,99,31.2038,3.14329,1
1,100,30.9242,3.17123,1
1,101,31.6416,3.25595,1
1,102,31.1105,3.16967,1
1,103,30.9263,3.15967,1
1,104,30.6589,3.13296,1
1,105,31.3454,3.21611,1
1,106,31.0707,3.16846,1
1,107,31.131,3.15893,1
1,108,31.0557,3.16552,1
1,109,31.1158,3.18938,1
1,110,31.0446,3.16469,1
1,111,31.3011,3.2001,1
1,112,31.3728,3.24768,1
1,113,31.5046,3.21747,1
1,114,31.0786,3.19754,1
1,115,31.4636,3.20533,1
1,116,31.1435,3.23339,1
1,117,31.2446,3.17048,1
1,118,31.5999,3.2168,1
1,119,31.3276,3.23557,1
1,120,31.4435,3.20723,1
1,121,31.2806,3.22287,1
1,122,31.4795,3.25086,1
1,123,31.1458,3.22902,1
1,124,31.2149,3.25159,1
1,125,30.8982,3.25694,1
1,126,31.6847,3.24162,1
1,127,31.422,3.29033,1
1,128,30.7664,3.63826,1
1,129,34.9731,3.25035,1
1,130,34.4359,3.21811,1
1,131,34.4719,3.26691,1
1,132,33.8944,3.19023,1
1,133,34.3769,3.20393,1
1,134,34.4524,3.31879,1
1,135,34.1575,3.29421,1
1,136,34.5717,3.27899,1
1,137,34.1419,3.22866,1
1,138,33.835,3.2124,1
1,139,34.4595,3.25296,1
1,140,34.767,3.34954,1
1,141,34.2046,3.23976,1
1,142,33.8162,3.18902,1
1,143,34.2292,3.2464,1
1,144,33.8221,3.20318,1
1,145,34.259,3.31224,1
1,146,33.8089,3.21311,1
1,147,34.1211,3.22947,1
1,148,34.1742,3.2418,1
1,149,33.8819,3.22281,1
1,150,33.7211,3.18951,1
1,151,34.1316,3.23831,1
1,152,34.4031,3.23743,1
1,153,33.9917,3.22344,1
1,154,34.022,3.2511,1
1,155,33.8195,3.20593,1
1,156,33.6001,3.18888,1
1,157,34.0243,3.24198,1
1,158,34.3333,3.24309,1
1,159,33.4661,3.27272,1
1,160,33.5402,3.36109,1
1,161,29.4405,20.2772,0
1,162,33.2258,3.23873,1
1,163,33.6734,3.29012,1
1,164,33.6609,3.17976,1
1,165,34.1687,3.2215,1
1,166,34.3734,3.27632,1
1,167,33.8817,3.22405,1
1,168,34.1425,3.21298,1
1,169,34.3652,3.27448,1
1,170,0.5,0,0
1,171,34.0603,3.28116,1
1,172,34.4371,3.31888,1
1,173,33.9643,3.17636,1
1,174,34.8145,3.29023,1
1,175,34.2147,3.2821,1
1,176,34.2164,3.23866,1
1,177,34.8082,3.29769,1
1,178,34.7303,3.24279,1
1,179,34.6057,3.37878,1
1,180,34.6596,3.23534,1
1,181,34.8247,3.28971,1
1,182,34.5397,3.25678,1
1,183,34.752,3.26561,1
1,184,35.0687,3.33401,1
1,185,34.6222,3.24398,1
1,186,34.4557,3.25274,1
1,187,34.8297,3.24284,1
1,188,34.4026,3.25626,1
1,189,34.8327,3.38037,1
1,190,35.0272,3.26691,1
1,191,34.7474,3.23807,1
1,192,34.686,3.28116,1
1,193,34.4661,3.33602,1
1,194,33.8432,3.23047,1
1,195,34.2607,3.21305,1
1,196,34.3847,3.23717,1
1,197,34.4228,3.32558,1
1,198,34.2228,3.22632,1
1,199,34.314,3.20751,1
1,200,34.2138,3.17828,1
1,201,34.4338,3.24401,1
1,202,34.1995,3.23314,1
1,203,33.8595,3.19477,1
1,204,34.1842,3.23344,1
1,205,34.3643,3.20931,1
1,206,34.4557,3.21183,1
1,207,34.3827,3.20619,1
1,208,34.4131,3.22967,1
1,209,34.3043,3.27814,1
1,210,33.6797,3.15577,1
1,211,33.9383,3.15854,1
1,212,33.8792,3.189,1
1,213,34.088,3.17115,1
1,214,34.0121,3.2039,1
1,215,34.0659,3.18904,1
1,216,34.0643,3.17402,1
1,217,33.542,3.13095,1
1,218,33.9237,3.19301,1
1,219,33.9731,3.21245,1
1,220,33.4035,3.14217,1
1,221,34.3122,3.22189,1
1,222,33.4988,3.1201,1
1,223,34.359,3.20257,1
1,224,33.88,3.16547,1
1,225,33.9595,3.20283,1
1,226,34.2564,3.21195,1
1,227,34.0597,3.19593,1
1,228,33.6502,3.15287,1
1,229,33.8841,3.19908,1
1,230,34.3995,3.19608,1
1,231,33.957,3.16244,1
1,232,33.9797,3.19428,1
1,233,34.5408,3.28657,1
1,234,34.4466,3.2637,1
1,235,34.12,3.23148,1
1,236,33.8001,3.23058,1
1,237,33.9714,3.229,1
1,238,34.2861,3.23585,1
1,239,33.8179,3.21729,1
1,240,34.1033,3.20938,1
1,241,34.1895,3.21013,1
1,242,33.7404,3.16327,1
1,243,34.3349,3.52325,1
1,244,33.2775,3.17,1
1,245,34.2331,3.23848,1
1,246,34.0327,3.19391,1
1,247,33.9885,3.27339,1
1,248,34.0597,3.23674,1
1,249,34.3731,3.26709,1
1,250,34.3515,3.22557,1
1,251,34.1022,3.20443,1
1,252,34.441,3.23013,1
1,253,34.793,3.26791,1
1,254,33.968,3.17917,1
1,255,34.383,3.18892,1
1,256,34.6661,3.26505,1
1,257,35.6987,3.40512,1
1,258,35.4676,3.33492,1
1,259,36.6495,3.43211,1
1,260,36.1237,3.41873,1
1,261,35.9817,3.37275,1
1,262,35.8551,3.37236,1
1,263,36.6093,3.43023,1
1,264,35.7965,3.36346,1
1,265,35.3987,3.31909,1
1,266,35.825,3.37922,1
1,267,36.8028,3.28256,1
1,268,35.6987,3.36094,1
1,269,35.5186,3.34491,1
1,270,36.0825,3.42949,1
1,271,36.161,3.33573,1
1,272,35.3728,3.26006,1
1,273,35.3217,3.1483,1
1,274,35.5021,3.24624,1
1,275,36.1031,3.01353,1
1,276,35.2722,2.99374,1
1,277,35.3411,2.99434,1
1,278,35.3104,2.97229,1
1,279,35.9371,2.99003,1
1,280,35.0316,3.33566,1
1,281,35.1951,3.02968,1
1,282,35.0962,2.82103,1
1,283,35.9379,2.85592,1
1,284,34.9193,2.89529,1
1,285,34.4267,2.97917,1
1,286,34.6425,2.97332,1
1,287,35.3085,3.04748,1
1,288,29.4408,20.2772,0
1,289,34.4719,3.20617,1
1,290,34.3341,3.24426,1
1,291,34.9499,2.98881,1
1,292,34.594,3.01437,1
1,293,36.1866,2.88325,1
1,294,35.4125,2.97154,1
1,295,34.7834,3.20857,1
1,296,34.8664,3.09542,1
1,297,35.1861,2.93361,1
1,298,0.5,0,0
1,299,34.7035,3.31235,1
1,300,35.0297,3.0515,1
1,301,35.353,3.20346,1
1,302,35.0361,3.30735,1
1,303,34.7702,3.24921,1
1,304,34.6814,3.31,1
1,305,35.4564,3.41664,1
1,306,34.8708,3.39814,1
1,307,35.0683,3.27303,1
1,308,35.2755,3.36208,1
1,309,35.9763,3.28799,1
1,310,35.1658,3.35797,1
1,311,35.38,3.41159,1
1,312,34.9869,3.36309,1
1,313,35.6971,3.37194,1
1,314,35.6081,3.40784,1
1,315,35.2287,3.43652,1
1,316,35.1259,3.41336,1
1,317,35.5747,3.37335,1
1,318,35.2266,3.37796,1
1,319,35.1755,3.37265,1
1,320,34.9292,3.35408,1
1,321,36.2781,3.37114,1
1,322,35.1219,3.41472,1
1,323,35.4571,3.39644,1
1,324,35.1656,3.34936,1
1,325,35.7989,3.3743,1
1,326,35.4604,3.35362,1
1,327,35.0114,3.36059,1
1,328,35.288,3.32049,1
1,329,35.6487,3.36042,1
1,330,35.0104,3.35037,1
1,331,34.5847,3.29567,1
1,332,35.2564,3.35544,1
1,333,35.8034,3.39034,1
1,334,35.4319,3.4276,1
1,335,35.2289,3.38127,1
1,336,35.0085,3.36655,1
1,337,35.6298,3.40672,1
1,338,35.1438,3.33659,1
1,339,35.225,3.38374,1
1,340,34.4686,3.32547,1
1,341,35.8532,3.40174,1
1,342,35.2673,3.35073,1
1,343,34.7582,3.30162,1
1,344,35.3709,3.3651,1
1,345,35.4169,3.39515,1
1,346,35.5122,3.34023,1
1,347,34.82,3.39353,1
1,348,34.73,3.30967,1
1,349,35.3017,3.36226,1
1,350,35.1957,3.35181,1
1,351,34.6554,3.3172,1
1,352,34.9609,3.32525,1
1,353,35.0634,3.36974,1
1,354,34.9673,3.32168,1
1,355,35.5946,3.39208,1
1,356,34.788,3.35254,1
1,357,35.0501,3.34928,1
1,358,35.727,3.43229,1
1,359,35.7558,3.38634,1
1,360,34.6171,3.30343,1
1,361,34.7514,3.31252,1
1,362,34.6849,3.32225,1
1,363,35.0492,3.36693,1
1,364,34.5705,3.30509,1
1,365,34.926,3.35612,1
1,366,34.9233,3.36653,1
1,367,35.3258,3.40233,1
1,368,34.825,3.34015,1
1,369,34.804,3.35493,1
1,370,34.7197,3.33725,1
1,371,34.6912,3.32839,1
1,372,34.8676,3.35123,1
1,373,34.6475,3.34594,1
1,374,35.1149,3.37261,1
1,375,34.9363,3.35797,1
1,376,34.7969,3.31474,1
1,377,34.5673,3.32607,1
1,378,34.9983,3.34039,1
1,379,34.8304,3.32585,1
1,380,34.9221,3.33838,1
1,381,34.3117,3.28127,1
1,382,34.5602,3.3502,1
1,383,34.9039,3.4946,1
1,384,35.3784,3.53011,1
1,385,22.427,1.98727,1
1,386,22.4602,1.95602,1
1,387,21.8878,2.15709,1
1,388,22.1393,2.03151,1
1,389,22.2597,2.08316,1
1,390,22.3763,2.08593,1
1,391,22.302,1.97694,1
1,392,22.0082,2.11763,1
1,393,22.0643,2.08973,1
1,394,22.3933,1.99342,1
1,395,22.3716,1.95408,1
1,396,22.198,2.03433,1
1,397,22.1545,2.11207,1
1,398,22.5584,2.04098,1
1,399,21.9896,2.07769,1
1,400,21.9629,2.12848,1
1,401,21.8607,2.09052,1
1,402,21.9791,2.06121,1
1,403,22.2875,2.08993,1
1,404,22.3159,2.00355,1
1,405,22.2419,2.0659,1
1,406,21.9389,2.01554,1
1,407,22.3084,2.00312,1
1,408,22.4504,1.95061,1
1,409,22.2941,2.05804,1
1,410,22.6879,1.91472,1
1,411,22.4261,1.98598,1
1,412,22.4449,1.97216,1
1,413,22.6061,2.04542,1
1,414,22.3371,2.00496,1
1,415,22.0039,1.92025,1
1,416,35.1531,3.29175,1
1,417,35.6225,3.42583,1
1,418,29.4308,20.2732,0
1,419,22.6797,1.99044,1
1,420,22.4904,2.00586,1
1,421,22.7347,1.96287,1
1,422,23.2123,2.0849,1
1,423,23.179,2.03129,1
1,424,22.885,2.0004,1
1,425,23.1066,1.99408,1
1,426,0.5,0,0
1,427,22.6785,1.95233,1
1,428,23.1863,2.02383,1
1,429,23.0155,1.92057,1
1,430,22.8151,1.90858,1
1,431,23.1684,2.02901,1
1,432,22.7941,1.98432,1
1,433,23.0392,2.05061,1
1,434,22.6679,1.96247,1
1,435,22.8391,1.75361,1
1,436,22.8908,2.01811,1
1,437,22.7949,1.69445,1
1,438,22.9683,1.71274,1
1,439,22.5331,1.85763,1
1,440,22.898,1.84061,1
1,441,22.8637,1.7719,1
1,442,22.7234,1.94971,1
1,443,22.8674,1.97046,1
1,444,22.7752,1.98584,1
1,445,22.9538,1.98499,1
1,446,23.093,2.05351,1
1,447,22.9509,1.97567,1
1,448,22.781,1.96118,1
1,449,22.9635,2.01116,1
1,450,22.7128,2.07203,1
1,451,22.1339,2.1228,1
1,452,22.2314,1.93594,1
1,453,22.5628,1.98916,1
1,454,22.4023,1.97524,1
1,455,22.5579,2.11254,1
1,456,22.9949,2.06397,1
1,457,22.4778,1.8455,1
1,458,22.7543,2.03196,1
1,459,22.5589,1.9398,1
1,460,22.3703,1.8864,1
1,461,22.3772,1.79982,1
1,462,22.3121,1.91485,1
1,463,22.4358,1.90815,1
1,464,22.4499,1.96127,1
1,465,22.5398,2.02972,1
1,466,22.4755,1.99456,1
1,467,22.6306,2.0656,1
1,468,22.5066,1.9581,1
1,469,22.7388,2.14604,1
1,470,22.9814,2.10525,1
1,471,22.3954,1.96301,1
1,472,22.5269,2.06908,1
1,473,22.5107,2.01772,1
1,474,22.5571,2.05098,1
1,475,22.7957,2.11639,1
1,476,22.7523,2.17654,1
1,477,22.6292,2.19499,1
1,478,22.1613,2.08361,1
1,479,22.6938,2.10434,1
1,480,22.5435,2.14386,1
1,481,22.6877,2.17053,1
1,482,22.2813,2.08088,1
1,483,22.5357,2.16029,1
1,484,22.3437,2.03198,1
1,485,22.1596,2.09561,1
1,486,22.228,2.0853,1
1,487,22.3537,2.06709,1
1,488,22.7683,2.19394,1
1,489,22.5621,2.16959,1
1,490,22.2123,2.05339,1
1,491,22.2294,2.08508,1
1,492,22.2313,2.0373,1
1,493,22.157,2.06587,1
1,494,22.1474,2.05948,1
1,495,22.3727,2.03252,1
1,496,22.4796,2.08658,1
1,497,22.3485,2.03093,1
1,498,22.1916,2.07046,1
1,499,22.4714,2.12576,1
1,500,22.3883,2.10954,1
1,501,22.4325,2.13156,1
1,502,22.4563,2.09046,1
1,503,22.3228,2.02885,1
1,504,22.1567,2.09833,1
1,505,22.3911,2.04458,1
1,506,22.3382,2.07816,1
1,507,22.4838,2.00624,1
1,508,22.5836,1.95641,1
1,509,22.3398,2.03492,1
1,510,22.38,1.98883,1
1,511,22.2664,2.0402,1
1,512,22.3687,1.97654,1
1,513,23.6711,2.9714,1
1,514,23.9302,3.03024,1
1,515,24.0161,2.20941,1
1,516,24.1453,2.26446,1
1,517,24.1335,2.24608,1
1,518,24.4002,2.30378,1
1,519,24.2796,2.25248,1
1,520,23.9056,2.20463,1
1,521,24.1013,2.22131,1
1,522,24.1482,2.32052,1
1,523,24.2878,2.3319,1
1,524,24.0939,2.17689,1
1,525,23.928,2.24378,1
1,526,24.1239,2.28163,1
1,527,24.0077,2.25767,1
1,528,23.8846,2.27892,1
1,529,24.1162,2.43426,1
1,530,23.6884,2.2165,1
1,531,24.1778,2.27678,1
1,532,24.0501,2.23107,1
1,533,24.1692,2.22597,1
1,534,23.627,2.11829,1
1,535,23.8363,2.23366,1
1,536,23.6382,2.1561,1
1,537,23.8243,2.18147,1
1,538,23.7882,2.18436,1
1,539,23.8195,2.21783,1
1,540,23.8926,2.20359,1
1,541,24.2468,2.23319,1
1,542,24.2908,2.2423,1
1,543,29.43,20.2731,0
1,544,22.4072,1.98737,1
1,545,22.7687,2.22005,1
1,546,22.6932,2.26742,1
1,547,22.9753,2.2253,1
1,548,22.9774,2.11643,1
1,549,23.5206,2.15145,1
1,550,23.6813,2.23612,1
1,551,23.5037,2.24783,1
1,552,23.4358,2.17484,1
1,553,23.4451,2.16282,1
1,554,0.5,0,0
1,555,23.6988,2.23296,1
1,556,23.5314,2.2084,1
1,557,23.3563,2.18458,1
1,558,23.2299,2.22969,1
1,559,23.1863,2.26146,1
1,560,23.0844,2.2814,1
1,561,23.417,2.25985,1
1,562,23.2624,2.22473,1
1,563,23.0855,2.2501,1
1,564,23.2265,2.22653,1
1,565,23.2247,2.25673,1
1,566,23.2236,2.19791,1
1,567,23.3927,2.18907,1
1,568,23.3475,2.16889,1
1,569,23.1469,2.24655,1
1,570,23.1372,2.32902,1
1,571,23.1956,2.23574,1
1,572,23.46,2.15501,1
1,573,23.3183,2.29699,1
1,574,23.2784,2.64498,1
1,575,22.9695,2.47626,1
1,576,23.7684,2.22501,1
1,577,23.8377,2.26789,1
1,578,23.389,2.14653,1
1,579,23.5712,2.18675,1
1,580,23.1967,2.2159,1
1,581,23.4375,2.22589,1
1,582,23.3753,2.22922,1
1,583,23.3735,2.19593,1
1,584,23.416,2.19763,1
1,585,23.941,2.35938,1
1,586,23.2879,2.2623,1
1,587,23.2371,2.20719,1
1,588,23.3565,2.30232,1
1,589,23.1634,2.34317,1
1,590,23.1761,2.2539,1
1,591,23.2203,2.23525,1
1,592,23.489,2.3646,1
1,593,23.2597,2.31856,1
1,594,23.098,2.22668,1
1,595,23.078,2.23218,1
1,596,23.5076,2.28178,1
1,597,23.4989,2.30318,1
1,598,23.3018,2.25892,1
1,599,23.4637,2.35335,1
1,600,23.3492,2.26964,1
1,601,23.5762,2.27886,1
1,602,23.5298,2.28711,1
1,603,23.6256,2.38764,1
1,604,23.562,2.2977,1
1,605,23.5788,2.32027,1
1,606,23.7664,2.45538,1
1,607,23.1421,2.23432,1
1,608,23.5396,2.25627,1
1,609,23.5291,2.31582,1
1,610,23.7529,2.41898,1
1,611,23.4669,2.21897,1
1,612,23.1834,2.21743,1
1,613,23.5828,2.28778,1
1,614,23.5783,2.2491,1
1,615,23.8189,2.38301,1
1,616,23.8897,2.32752,1
1,617,23.3962,2.28788,1
1,618,23.4436,2.27365,1
1,619,23.7556,2.29971,1
1,620,23.3068,2.21203,1
1,621,23.5802,2.28432,1
1,622,23.7621,3.67043,1
1,623,24.1107,3.61848,1
1,624,23.1725,2.21978,1
1,625,23.6011,2.23203,1
1,626,23.3056,2.23554,1
1,627,23.9748,2.32054,1
1,628,23.6144,2.39137,1
1,629,23.9648,2.32293,1
1,630,23.6763,2.3034,1
1,631,23.6272,2.35011,1
1,632,23.3402,2.23934,1
1,633,23.575,2.31072,1
1,634,23.7643,2.31755,1
1,635,23.6492,2.35048,1
1,636,23.5768,2.2839,1
1,637,23.8527,2.36958,1
1,638,23.4447,2.47419,1
1,639,24.2292,2.46607,1
1,640,23.9805,2.20063,1
1,641,21.9715,2.47352,1
1,642,20.9529,2.42356,1
1,643,21.3973,2.4317,1
1,644,21.6726,2.54833,1
1,645,21.7223,2.5651,1
1,646,21.6447,2.49379,1
1,647,21.3371,2.42833,1
1,648,21.4532,2.46457,1
1,649,21.6504,2.48607,1
1,650,21.884,2.47022,1
1,651,21.5507,2.46232,1
1,652,21.3347,2.46053,1
1,653,21.598,2.4589,1
1,654,21.5437,2.48871,1
1,655,21.5872,2.46618,1
1,656,21.4524,2.47881,1
1,657,21.3425,2.44442,1
1,658,21.4048,2.48992,1
1,659,21.626,3.28459,1
1,660,21.6507,2.46762,1
1,661,21.7524,2.47417,1
1,662,21.5609,2.42948,1
1,663,21.7734,2.46135,1
1,664,21.8842,2.48423,1
1,665,21.9194,2.49591,1
1,666,21.8659,2.45587,1
1,667,21.8639,2.49056,1
1,668,21.9501,2.49559,1
1,669,21.8899,2.51516,1
1,670,21.7902,2.44882,1
1,671,23.8126,2.35474,1
1,672,23.7173,2.35695,1
1,673,23.328,2.28133,1
1,674,23.6275,2.34093,1
1,675,29.4664,20.2932,0
1,676,22.4557,2.49314,1
1,677,22.5376,2.50739,1
1,678,22.499,2.51098,1
1,679,22.5414,2.50477,1
1,680,22.2523,2.46009,1
1,681,22.2697,2.47803,1
1,682,0.5,0,0
1,683,22.333,2.48147,1
1,684,22.2477,2.46452,1
1,685,22.175,2.45851,1
1,686,22.2321,2.80084,1
1,687,22.2195,2.69954,1
1,688,22.1727,2.52531,1
1,689,22.2126,2.45087,1
1,690,21.8802,2.48237,1
1,691,22.0824,2.45829,1
1,692,22.0516,2.4826,1
1,693,22.3801,2.57157,1
1,694,22.1545,2.3418,1
1,695,21.909,2.45829,1
1,696,21.8938,2.44348,1
1,697,22.2918,2.45387,1
1,698,22.2148,2.47931,1
1,699,22.0084,2.48165,1
1,700,22.1343,2.52048,1
1,701,22.5614,2.53826,1
1,702,22.2193,2.50498,1
1,703,22.2841,2.51589,1
1,704,22.5391,2.54108,1
1,705,22.0298,2.47986,1
1,706,22.0678,2.50791,1
1,707,22.0487,2.6147,1
1,708,21.279,2.62085,1
1,709,21.5801,2.48014,1
1,710,21.4686,2.45046,1
1,711,21.6297,2.46733,1
1,712,21.348,2.4207,1
1,713,21.5775,2.4564,1
1,714,21.3956,2.43754,1
1,715,21.6595,2.45993,1
1,716,21.5734,2.44971,1
1,717,22.0132,2.48124,1
1,718,21.844,2.46351,1
1,719,21.596,2.46862,1
1,720,21.5435,2.43741,1
1,721,21.5413,2.4412,1
1,722,21.7532,2.44307,1
1,723,21.3567,2.44179,1
1,724,21.4715,2.44885,1
1,725,21.3824,2.42806,1
1,726,21.4911,2.42681,1
1,727,21.5869,2.44745,1
1,728,21.8265,2.45454,1
1,729,21.5306,2.44553,1
1,730,21.6764,2.42897,1
1,731,21.4665,2.43561,1
1,732,21.6996,2.45165,1
1,733,21.9913,2.48264,1
1,734,21.7447,2.45983,1
1,735,21.6792,2.44991,1
1,736,21.974,2.47488,1
1,737,21.8421,2.49413,1
1,738,21.664,2.45946,1
1,739,21.565,2.46111,1
1,740,21.3748,2.41936,1
1,741,21.4991,2.44118,1
1,742,21.6133,2.44382,1
1,743,21.5,2.45188,1
1,744,21.7618,2.45205,1
1,745,21.6643,2.48337,1
1,746,21.2226,2.42634,1
1,747,21.5002,2.44999,1
1,748,21.5559,2.44146,1
1,749,21.6249,2.45609,1
1,750,21.7161,2.50931,1
1,751,21.3612,2.43773,1
1,752,21.5192,2.47004,1
1,753,21.5949,2.47407,1
1,754,21.4016,2.43305,1
1,755,21.5026,2.43461,1
1,756,21.2759,2.43689,1
1,757,21.614,2.45356,1
1,758,21.3013,2.42826,1
1,759,21.6308,2.46858,1
1,760,21.5016,2.4525,1
1,761,21.5971,2.45312,1
1,762,21.6557,2.46283,1
1,763,21.609,2.43884,1
1,764,21.7045,2.45826,1
1,765,21.6173,2.4895,1
1,766,21.6298,2.44038,1
1,767,21.7967,2.48224,1
1,768,0,0,0
2,1,23.1983,2.56647,1
2,2,22.8569,2.30097,1
2,3,22.9259,2.24665,1
2,4,22.7746,2.34709,1
2,5,23.1219,2.342,1
2,6,22.9794,2.441,1
2,7,23.0469,2.47304,1
2,8,22.8713,2.36013,1
2,9,23.2052,2.41532,1
2,10,23.0568,2.38588,1
2,11,23.1935,2.44192,1
2,12,22.7546,2.38596,1
2,13,23.2013,2.43121,1
2,14,23.1198,2.388,1
2,15,22.5059,2.40313,1
2,16,22.6705,2.3795,1
2,17,22.8375,2.39493,1
2,18,22.6029,2.40081,1
2,19,22.6772,2.38345,1
2,20,22.8509,2.39131,1
2,21,22.8875,2.43042,1
2,22,23.135,2.4432,1
2,23,22.67,2.43121,1
2,24,22.642,2.41085,1
2,25,22.9884,2.41496,1
2,26,22.8557,2.40027,1
2,27,22.6273,2.38796,1
2,28,22.9529,2.3988,1
2,29,22.8065,2.41735,1
2,30,22.8292,2.44146,1
2,31,22.6838,2.3972,1
2,32,22.5414,2.38204,1
2,33,0.5,0,0
2,34,22.2775,2.36841,1
2,35,22.3598,2.36243,1
2,36,22.3592,2.35243,1
2,37,22.4189,2.37046,1
2,38,22.5281,2.361,1
2,39,22.4523,2.34602,1
2,40,22.1803,2.32582,1
2,41,22.4596,2.34933,1
2,42,0.5,0,0
2,43,22.3996,2.34209,1
2,44,21.9276,2.27286,1
2,45,21.9901,2.30471,1
2,46,22.1161,2.31893,1
2,47,22.1518,2.30926,1
2,48,21.8457,2.30115,1
2,49,21.9485,2.32583,1
2,50,22.241,2.35256,1
2,51,22.3194,2.33228,1
2,52,21.9507,2.28713,1
2,53,22.4687,2.33501,1
2,54,22.0486,2.3637,1
2,55,21.7465,2.28151,1
2,56,22.1947,2.31645,1
2,57,22.3488,2.31681,1
2,58,22.4509,2.34003,1
2,59,22.5285,2.38013,1
2,60,22.3057,2.31421,1
2,61,21.9306,2.26677,1
2,62,22.5926,2.34033,1
2,63,22.5311,2.34875,1
2,64,22.5712,2.33708,1
2,65,22.4171,2.32397,1
2,66,22.0873,2.29973,1
2,67,22.5217,2.34096,1
2,68,22.5596,2.33111,1
2,69,22.3662,2.3222,1
2,70,22.5186,2.32792,1
2,71,22.3895,2.3136,1
2,72,21.9429,2.2801,1
2,73,22.0453,2.28058,1
2,74,22.1556,2.29958,1
2,75,22.0548,2.28535,1
2,76,22.0769,2.3308,1
2,77,22.0305,2.29705,1
2,78,22.3426,2.33056,1
2,79,22.2728,2.31505,1
2,80,22.3042,2.32184,1
2,81,22.277,2.31333,1
2,82,22.2586,2.31198,1
2,83,22.1587,2.44678,1
2,84,22.0651,2.32575,1
2,85,22.098,2.32602,1
2,86,22.1353,2.30489,1
2,87,22.0795,2.31383,1
2,88,22.2656,2.43479,1
2,89,22.3216,2.37956,1
2,90,22.3354,2.32469,1
2,91,22.4657,2.32698,1
2,92,22.4118,2.327,1
2,93,22.5308,2.3347,1
2,94,22.3376,2.31051,1
2,95,22.3579,2.31891,1
2,96,22.1048,2.28382,1
2,97,22.0132,2.29354,1
2,98,22.4545,2.35759,1
2,99,22.2836,2.30709,1
2,100,22.2542,2.33025,1
2,101,22.505,2.32932,1
2,102,22.4393,2.33058,1
2,103,22.281,2.30742,1
2,104,22.4503,2.33304,1
2,105,22.2126,2.29416,1
2,106,22.4392,2.32856,1
2,107,22.3647,2.31226,1
2,108,21.9811,2.2756,1
2,109,22.4172,2.31737,1
2,110,22.3905,2.3175,1
2,111,22.6862,2.37094,1
2,112,22.3642,2.32098,1
2,113,22.4541,2.32391,1
2,114,22.632,2.33752,1
2,115,22.4562,2.31819,1
2,116,22.6729,2.33708,1
2,117,22.6093,2.34021,1
2,118,22.4939,2.32399,1
2,119,22.3574,2.31593,1
2,120,22.616,2.33631,1
2,121,22.3635,2.32151,1
2,122,22.1889,2.30907,1
2,123,22.2147,2.30919,1
2,124,22.6524,2.34741,1
2,125,22.3189,2.31459,1
2,126,22.2415,2.30071,1
2,127,22.2482,2.30371,1
2,128,22.0503,2.43536,1
2,129,24.3956,2.5885,1
2,130,24.4795,2.61195,1
2,131,23.9026,2.5395,1
2,132,23.3976,2.49378,1
2,133,24.0963,2.61748,1
2,134,23.9913,2.72878,1
2,135,23.8556,2.61462,1
2,136,23.8413,2.53828,1
2,137,23.6344,2.58914,1
2,138,23.91,2.56122,1
2,139,24.2597,2.57539,1
2,140,24.3524,2.58162,1
2,141,24.0673,2.556,1
2,142,23.893,2.55818,1
2,143,23.636,2.5954,1
2,144,23.8035,2.53236,1
2,145,23.8482,2.52075,1
2,146,23.8982,2.56787,1
2,147,23.7484,2.54145,1
2,148,23.6857,2.5252,1
2,149,23.9333,2.59395,1
2,150,24.0038,2.56423,1
2,151,23.8059,2.54812,1
2,152,24.0348,2.55373,1
2,153,24.0657,2.55771,1
2,154,23.988,2.55045,1
2,155,24.1868,2.59782,1
2,156,24.6339,2.67795,1
2,157,23.9775,2.58934,1
2,158,24.2057,2.64508,1
2,159,24.2383,2.56639,1
2,160,23.2126,2.46131,1
2,161,29.4398,20.2774,0
2,162,24.2535,2.66619,1
2,163,24.5144,2.69659,1
2,164,24.7617,2.59506,1
2,165,24.9479,2.65605,1
2,166,24.6328,2.63186,1
2,167,24.6421,2.60254,1
2,168,24.6596,2.63248,1
2,169,24.6083,2.58848,1
2,170,0.5,0,0
2,171,24.6901,2.60203,1
2,172,24.765,2.67245,1
2,173,24.8469,2.66193,1
2,174,24.3123,2.67281,1
2,175,24.5575,2.64487,1
2,176,24.3169,2.59518,1
2,177,24.6613,2.64985,1
2,178,24.7071,2.6772,1
2,179,24.7264,2.74723,1
2,180,24.8687,2.66131,1
2,181,24.9194,2.65267,1
2,182,24.6796,2.60597,1
2,183,24.6142,2.6196,1
2,184,24.6052,2.6027,1
2,185,24.8421,2.62256,1
2,186,24.7414,2.62397,1
2,187,24.6838,2.6133,1
2,188,24.3216,2.58313,1
2,189,24.6629,2.64244,1
2,190,24.6603,2.63874,1
2,191,24.7762,2.6213,1
2,192,24.4002,2.80649,1
2,193,25.048,1.8359,1
2,194,23.8557,3.01921,1
2,195,25.0326,1.86507,1
2,196,23.9969,2.8163,1
2,197,24.1418,2.53654,1
2,198,24.2874,2.55668,1
2,199,24.0245,2.54163,1
2,200,24.1509,2.59484,1
2,201,24.0988,2.58411,1
2,202,24.1949,2.53413,1
2,203,24.2093,2.51522,1
2,204,24.173,2.53017,1
2,205,24.2796,2.61645,1
2,206,23.9913,2.51114,1
2,207,24.1089,2.50568,1
2,208,24.2172,2.51838,1
2,209,24.2516,2.54145,1
2,210,24.2327,2.55082,1
2,211,24.0774,2.53374,1
2,212,24.0158,2.51936,1
2,213,24.1614,2.55073,1
2,214,24.4657,2.55602,1
2,215,23.9989,2.50868,1
2,216,24.2526,2.56655,1
2,217,24.1247,2.52848,1
2,218,24.2773,2.53618,1
2,219,23.9762,2.495,1
2,220,24.1393,2.54154,1
2,221,24.3469,2.55551,1
2,222,23.8982,2.59286,1
2,223,24.2448,2.68734,1
2,224,24.2169,2.65212,1
2,225,24.2245,2.54902,1
2,226,24.0973,2.55489,1
2,227,24.3208,2.54562,1
2,228,23.7546,2.48075,1
2,229,24.2896,2.54029,1
2,230,24.0032,2.52173,1
2,231,24.2065,2.57655,1
2,232,24.0902,2.56231,1
2,233,23.6079,2.65153,1
2,234,24.2451,2.61791,1
2,235,23.9371,2.50541,1
2,236,23.9033,2.50798,1
2,237,23.9822,2.53457,1
2,238,23.7057,2.53942,1
2,239,24.0526,2.60943,1
2,240,23.7092,2.52583,1
2,241,23.831,2.56233,1
2,242,23.9068,2.57162,1
2,243,23.7199,2.53096,1
2,244,23.784,2.5196,1
2,245,23.7016,2.50011,1
2,246,23.8259,2.53901,1
2,247,23.6444,2.53537,1
2,248,23.7039,2.52778,1
2,249,23.9222,2.52905,1
2,250,23.8926,2.5351,1
2,251,24.1717,2.54968,1
2,252,23.7794,2.61793,1
2,253,23.995,2.52512,1
2,254,24.1805,2.55978,1
2,255,24.1701,2.62277,1
2,256,23.9923,2.55257,1
2,257,24.1197,2.47967,1
2,258,23.6509,2.42412,1
2,259,23.9175,2.47926,1
2,260,24.0453,2.49739,1
2,261,23.6254,2.47098,1
2,262,24.0442,2.4828,1
2,263,24.1982,2.50932,1
2,264,24.0341,2.49772,1
2,265,23.8514,2.49524,1
2,266,24.3164,2.53594,1
2,267,23.9835,2.51587,1
2,268,23.7253,2.48854,1
2,269,24.0004,2.4824,1
2,270,24.0245,2.62849,1
2,271,23.6628,2.49786,1
2,272,24.0856,2.53275,1
2,273,23.8408,2.52431,1
2,274,23.8263,2.50275,1
2,275,23.8278,2.50193,1
2,276,23.7808,2.46841,1
2,277,23.9679,2.48809,1
2,278,23.9343,2.49204,1
2,279,23.8354,2.49507,1
2,280,23.8863,2.56495,1
2,281,23.9672,2.53389,1
2,282,23.6514,2.47484,1
2,283,23.8653,2.49793,1
2,284,23.5147,2.46297,1
2,285,23.9053,2.53715,1
2,286,23.9309,2.52253,1
2,287,23.7984,2.53798,1
2,288,29.4711,20.2972,0
2,289,24.03,2.56477,1
2,290,22.4965,2.37351,1
2,291,23.1265,2.43425,1
2,292,23.5243,2.47054,1
2,293,23.4916,2.46431,1
2,294,23.3783,2.45774,1
2,295,23.481,2.45041,1
2,296,23.2769,2.44024,1
2,297,23.3652,2.43778,1
2,298,0.5,0,0
2,299,23.3123,2.44541,1
2,300,22.9993,2.46285,1
2,301,23.1232,2.41063,1
2,302,23.1338,2.43506,1
2,303,23.1957,2.42981,1
2,304,23.2537,2.42897,1
2,305,22.951,2.40471,1
2,306,22.7107,2.37915,1
2,307,23.1641,2.42098,1
2,308,22.9911,2.40778,1
2,309,23.3214,2.44649,1
2,310,23.7527,2.5012,1
2,311,23.6112,2.4934,1
2,312,23.133,2.50081,1
2,313,23.2118,3.08294,1
2,314,23.1034,2.47507,1
2,315,23.2602,2.45773,1
2,316,23.4597,2.4923,1
2,317,22.5883,2.36016,1
2,318,22.5722,2.35304,1
2,319,23.5921,2.46397,1
2,320,23.2657,2.44922,1
2,321,23.5917,2.50665,1
2,322,23.2883,2.43461,1
2,323,23.6369,2.47433,1
2,324,23.2031,2.43799,1
2,325,23.1304,2.45959,1
2,326,23.2505,2.4957,1
2,327,23.2258,2.47498,1
2,328,23.659,2.45892,1
2,329,23.1254,2.44067,1
2,330,23.0962,2.42659,1
2,331,23.2922,2.48852,1
2,332,23.022,2.44274,1
2,333,23.2238,2.44917,1
2,334,23.3104,2.46094,1
2,335,23.3803,2.4609,1
2,336,23.2761,2.44483,1
2,337,23.147,2.43325,1
2,338,23.2263,2.4462,1
2,339,23.4005,2.46395,1
2,340,23.1199,2.42166,1
2,341,23.4327,2.45367,1
2,342,23.0374,2.42399,1
2,343,23.1111,2.42369,1
2,344,23.3309,2.47835,1
2,345,23.3166,2.46986,1
2,346,23.5753,2.51551,1
2,347,23.1635,2.47519,1
2,348,23.4999,2.50052,1
2,349,23.5454,2.49852,1
2,350,23.2149,2.50765,1
2,351,23.262,2.47372,1
2,352,23.4087,2.44574,1
2,353,23.5805,2.48595,1
2,354,23.1298,2.47052,1
2,355,23.6044,2.49673,1
2,356,23.083,2.45648,1
2,357,23.2332,2.4648,1
2,358,23.3288,2.46658,1
2,359,23.4078,2.45843,1
2,360,23.2465,2.48732,1
2,361,23.3107,2.45851,1
2,362,23.4432,2.47203,1
2,363,23.1521,2.47434,1
2,364,23.0759,2.44176,1
2,365,23.2929,2.51809,1
2,366,23.3054,2.49727,1
2,367,23.3001,2.48507,1
2,368,23.1829,2.53627,1
2,369,23.1915,2.46294,1
2,370,23.5951,2.48887,1
2,371,23.407,2.50998,1
2,372,23.1946,2.52594,1
2,373,23.188,2.48045,1
2,374,23.5934,2.56366,1
2,375,23.731,2.56641,1
2,376,23.4464,2.51116,1
2,377,23.5418,2.55407,1
2,378,23.1687,2.4477,1
2,379,23.5219,2.48814,1
2,380,22.9343,2.45552,1
2,381,23.7325,2.49457,1
2,382,23.3608,2.49119,1
2,383,23.3217,2.65689,1
2,384,23.7267,2.57365,1
2,385,23.9971,2.57464,1
2,386,23.191,2.48534,1
2,387,22.9005,2.45338,1
2,388,23.3496,2.50086,1
2,389,23.3818,2.57739,1
2,390,23.4147,2.52096,1
2,391,23.3549,2.51874,1
2,392,23.0314,2.49726,1
2,393,23.2493,2.5399,1
2,394,23.9063,2.58925,1
2,395,23.7856,2.5563,1
2,396,23.1762,2.54352,1
2,397,23.2966,2.55057,1
2,398,23.2065,2.52234,1
2,399,23.0311,2.50712,1
2,400,23.0875,2.55543,1
2,401,22.9941,2.48839,1
2,402,22.9492,2.50495,1
2,403,23.1628,2.5107,1
2,404,23.5349,2.56281,1
2,405,23.394,2.5216,1
2,406,23.4266,2.51124,1
2,407,23.652,2.56123,1
2,408,23.5226,2.53707,1
2,409,23.8435,2.55596,1
2,410,23.4818,2.60183,1
2,411,23.8493,2.59071,1
2,412,23.6873,2.5759,1
2,413,23.984,2.65849,1
2,414,23.7236,2.64034,1
2,415,23.6353,2.66076,1
2,416,23.2803,2.45407,1
2,417,23.5674,2.54087,1
2,418,29.4299,20.2734,0
2,419,24.5079,2.68648,1
2,420,23.9541,2.60323,1
2,421,24.1722,2.60686,1
2,422,23.7361,2.55784,1
2,423,24.062,2.61315,1
2,424,23.9479,2.5956,1
2,425,24.3635,2.69217,1
2,426,0.5,0,0
2,427,24.0781,2.7076,1
2,428,24.1254,2.61167,1
2,429,24.0066,2.69566,1
2,430,24.354,2.72575,1
2,431,23.9295,2.59305,1
2,432,24.1216,2.64382,1
2,433,24.1159,2.62377,1
2,434,24.1613,2.64419,1
2,435,24.2935,2.70219,1
2,436,24.1304,2.76875,1
2,437,24.4603,2.65952,1
2,438,24.1504,2.64368,1
2,439,24.3625,2.80252,1
2,440,23.9085,2.75351,1
2,441,24.2022,2.67733,1
2,442,24.0778,2.64985,1
2,443,24.2067,2.64934,1
2,444,23.9979,2.65274,1
2,445,24.2576,2.6635,1
2,446,24.1576,2.66937,1
2,447,24.0492,2.65174,1
2,448,23.869,2.6245,1
2,449,23.5586,2.56233,1
2,450,23.8928,2.68691,1
2,451,23.5813,2.60697,1
2,452,23.4665,2.50203,1
2,453,23.465,2.49632,1
2,454,23.3678,2.49448,1
2,455,23.2756,2.46587,1
2,456,23.7342,2.53409,1
2,457,23.6012,2.52777,1
2,458,23.5149,2.50177,1
2,459,23.5028,2.49025,1
2,460,23.4381,2.55029,1
2,461,23.196,2.53732,1
2,462,23.2784,2.55075,1
2,463,23.4088,2.56531,1
2,464,23.4409,2.60378,1
2,465,23.2289,2.63099,1
2,466,23.3457,2.6854,1
2,467,23.1147,2.46073,1
2,468,23.3625,2.52502,1
2,469,23.5739,2.50168,1
2,470,23.2718,2.53239,1
2,471,23.389,2.51821,1
2,472,23.1227,2.47439,1
2,473,23.4684,2.50135,1
2,474,23.2943,2.4988,1
2,475,23.4918,2.48926,1
2,476,23.6143,2.50789,1
2,477,23.467,2.49074,1
2,478,23.2366,2.48318,1
2,479,23.5728,2.53904,1
2,480,23.5884,2.57099,1
2,481,23.4306,2.51958,1
2,482,23.0005,2.51203,1
2,483,24.0303,4.63932,1
2,484,23.4289,2.56359,1
2,485,24.0756,4.7048,1
2,486,23.0716,2.47783,1
2,487,23.184,2.46465,1
2,488,23.4624,2.51851,1
2,489,23.3568,2.50565,1
2,490,23.398,2.50343,1
2,491,23.3033,2.49532,1
2,492,23.3363,2.49731,1
2,493,23.1231,2.4825,1
2,494,23.0617,2.47952,1
2,495,23.2976,2.49067,1
2,496,23.1596,2.55429,1
2,497,23.2579,2.50018,1
2,498,23.3404,2.51361,1
2,499,23.2259,2.49428,1
2,500,23.2182,2.50205,1
2,501,23.1263,2.50457,1
2,502,23.214,2.56082,1
2,503,23.1238,2.49165,1
2,504,23.2495,2.48148,1
2,505,22.9077,2.44584,1
2,506,23.3752,2.49425,1
2,507,23.1777,2.479,1
2,508,23.4004,2.50135,1
2,509,23.6138,2.52523,1
2,510,23.6065,2.5404,1
2,511,23.477,2.53006,1
2,512,23.2863,2.61414,1
2,513,24.8845,2.64958,1
2,514,25.0272,2.686,1
2,515,24.8886,2.69164,1
2,516,25.0651,2.69714,1
2,517,24.7563,2.66834,1
2,518,24.9768,2.70583,1
2,519,24.9181,2.73298,1
2,520,25.1029,2.7178,1
2,521,24.8331,2.65164,1
2,522,24.5856,2.63935,1
2,523,24.9095,2.6609,1
2,524,25.1502,2.68635,1
2,525,25.3011,2.764,1
2,526,24.7547,2.66787,1
2,527,24.8164,2.66693,1
2,528,24.9074,2.70416,1
2,529,24.5679,2.6217,1
2,530,24.6927,2.6409,1
2,531,24.877,2.67009,1
2,532,24.8761,2.64122,1
2,533,24.7311,2.61024,1
2,534,24.777,2.68538,1
2,535,24.9022,2.6962,1
2,536,24.4944,2.65381,1
2,537,24.8885,2.71247,1
2,538,24.6728,2.79587,1
2,539,24.6653,2.65869,1
2,540,24.3801,2.64539,1
2,541,24.3048,2.61228,1
2,542,24.6945,2.70447,1
2,543,29.4304,20.2732,0
2,544,23.4371,2.53981,1
2,545,23.2352,2.50909,1
2,546,23.5628,2.55039,1
2,547,24.3786,2.63876,1
2,548,24.925,2.64994,1
2,549,24.6889,2.67938,1
2,550,24.421,2.64893,1
2,551,24.2371,2.59663,1
2,552,24.1923,2.72139,1
2,553,24.3768,2.60249,1
2,554,0.5,0,0
2,555,24.2838,2.60543,1
2,556,24.1408,2.57643,1
2,557,24.1641,2.59531,1
2,558,24.2941,2.64055,1
2,559,24.1512,2.64691,1
2,560,23.6287,2.60895,1
2,561,24.0571,2.67651,1
2,562,23.8977,2.58335,1
2,563,23.7805,2.57765,1
2,564,24.1022,2.66153,1
2,565,24.409,2.71592,1
2,566,24.0821,2.7273,1
2,567,24.4878,2.63773,1
2,568,24.4912,2.62972,1
2,569,24.3204,2.66137,1
2,570,24.4512,2.63309,1
2,571,24.4271,2.61902,1
2,572,24.1089,2.6404,1
2,573,24.2181,2.73341,1
2,574,24.2576,2.59044,1
2,575,23.4571,2.51321,1
2,576,24.4275,2.64286,1
2,577,24.5479,2.82098,1
2,578,24.3608,2.6455,1
2,579,24.4648,2.63075,1
2,580,24.4129,2.63143,1
2,581,24.4449,2.62188,1
2,582,24.5171,2.62373,1
2,583,24.1421,2.58851,1
2,584,24.4913,2.70531,1
2,585,24.4433,2.71409,1
2,586,24.357,2.64098,1
2,587,24.2658,2.63462,1
2,588,24.0094,2.67669,1
2,589,24.1955,2.70455,1
2,590,24.3946,2.66075,1
2,591,24.2324,2.64592,1
2,592,24.0382,2.60139,1
2,593,24.1347,2.60349,1
2,594,23.9913,2.55553,1
2,595,24.1386,2.59548,1
2,596,24.5906,2.63523,1
2,597,24.0509,2.59181,1
2,598,24.1419,2.67696,1
2,599,24.2232,2.67598,1
2,600,24.006,2.62749,1
2,601,24.5179,2.6796,1
2,602,24.2419,2.58894,1
2,603,24.4855,2.71704,1
2,604,24.1618,2.61145,1
2,605,24.0786,2.6381,1
2,606,24.5918,2.69221,1
2,607,24.1255,2.66549,1
2,608,24.049,2.61222,1
2,609,24.5261,2.68325,1
2,610,24.2006,2.62169,1
2,611,24.1519,2.66892,1
2,612,24.1651,2.63568,1
2,613,23.9526,2.6677,1
2,614,24.189,2.63263,1
2,615,24.0888,2.60541,1
2,616,24.3166,2.67431,1
2,617,24.2002,2.63384,1
2,618,24.277,2.78875,1
2,619,24.5204,2.66148,1
2,620,23.9078,2.58274,1
2,621,24.244,2.60731,1
2,622,24.4327,2.66895,1
2,623,24.381,2.61238,1
2,624,24.2306,2.61105,1
2,625,24.2978,2.6369,1
2,626,24.3576,2.59952,1
2,627,24.2321,2.64871,1
2,628,24.2066,2.60885,1
2,629,24.2915,2.63474,1
2,630,24.4153,2.64416,1
2,631,24.2277,2.64646,1
2,632,24.421,2.65179,1
2,633,24.1294,2.6429,1
2,634,24.0861,2.60503,1
2,635,24.3101,2.68205,1
2,636,23.9969,2.61295,1
2,637,24.3991,2.64452,1
2,638,23.7302,2.72642,1
2,639,24.6823,2.76647,1
2,640,24.8269,2.68132,1
2,641,24.5425,1.96909,1
2,642,23.8567,1.91285,1
2,643,24.517,2.00185,1
2,644,24.4422,2.05206,1
2,645,24.5979,2.0638,1
2,646,24.1433,1.96443,1
2,647,24.2508,1.9734,1
2,648,24.4497,1.99055,1
2,649,24.6602,1.98818,1
2,650,24.8172,2.01871,1
2,651,24.4233,1.96737,1
2,652,24.6103,1.98841,1
2,653,24.0883,1.96662,1
2,654,24.1175,2.01583,1
2,655,24.0376,1.96868,1
2,656,23.7954,1.9431,1
2,657,24.1614,1.95867,1
2,658,24.1074,2.91384,1
2,659,24.2833,1.96161,1
2,660,24.1763,3.07173,1
2,661,24.2071,1.96192,1
2,662,24.3878,1.97351,1
2,663,24.2974,1.96281,1
2,664,24.6758,2.02508,1
2,665,24.6603,1.98112,1
2,666,24.8872,2.01694,1
2,667,24.7725,1.98756,1
2,668,24.6063,1.97092,1
2,669,24.7205,1.97709,1
2,670,24.5784,1.92102,1
2,671,24.5408,2.70007,1
2,672,24.4258,2.65365,1
2,673,24.5018,2.70925,1
2,674,24.2884,2.68693,1
2,675,29.4291,20.2739,0
2,676,24.8626,2.01971,1
2,677,24.5893,1.98713,1
2,678,24.8159,1.98338,1
2,679,25.0216,1.99314,1
2,680,24.8186,1.97858,1
2,681,24.7803,2.00294,1
2,682,0.5,0,0
2,683,25.1128,2.01288,1
2,684,24.7767,2.01057,1
2,685,24.7081,1.98731,1
2,686,24.737,1.97193,1
2,687,24.7613,2.79072,1
2,688,25.2857,2.01463,1
2,689,24.7269,2.02519,1
2,690,24.8476,2.013,1
2,691,24.7377,1.99915,1
2,692,24.6961,2.01469,1
2,693,25.0322,2.06278,1
2,694,25.1514,2.06008,1
2,695,25.1397,2.04527,1
2,696,24.9813,2.045,1
2,697,25.1444,2.05702,1
2,698,25.1217,2.10018,1
2,699,24.9752,2.04821,1
2,700,24.8874,2.02408,1
2,701,25.2558,2.04723,1
2,702,25.3907,2.05591,1
2,703,24.9983,2.0367,1
2,704,25.0778,2.03035,1
2,705,25.1217,2.02398,1
2,706,25.217,2.01654,1
2,707,25.036,2.03729,1
2,708,24.1443,1.99532,1
2,709,24.4164,2.0693,1
2,710,24.4415,1.98962,1
2,711,24.4448,2.00546,1
2,712,24.6537,2.02033,1
2,713,24.7288,2.00004,1
2,714,24.2397,1.99765,1
2,715,24.1863,1.98576,1
2,716,24.5857,2.02969,1
2,717,24.6018,2.01221,1
2,718,24.579,1.99063,1
2,719,24.5054,2.06683,1
2,720,24.4081,2.01816,1
2,721,24.3943,1.99224,1
2,722,24.2895,1.9762,1
2,723,24.0976,1.97498,1
2,724,24.3863,2.01239,1
2,725,24.1748,1.9564,1
2,726,24.4541,2.01232,1
2,727,24.3958,2.02078,1
2,728,24.5105,2.00874,1
2,729,24.479,1.99659,1
2,730,24.5183,1.99582,1
2,731,24.5033,2.00326,1
2,732,24.1131,1.96044,1
2,733,24.5641,1.99325,1
2,734,24.3098,1.99455,1
2,735,24.1952,1.98096,1
2,736,24.5407,1.99467,1
2,737,24.7624,2.00327,1
2,738,24.8054,2.02787,1
2,739,24.563,2.02564,1
2,740,24.5806,2.00131,1
2,741,24.3663,1.9618,1
2,742,24.4547,1.98647,1
2,743,24.2035,1.95955,1
2,744,24.3874,1.97877,1
2,745,24.4534,1.97951,1
2,746,24.5225,1.98443,1
2,747,24.4567,2.05616,1
2,748,24.3122,1.9957,1
2,749,24.3507,1.96546,1
2,750,24.623,2.0026,1
2,751,24.3822,1.97572,1
2,752,24.3468,1.96268,1
2,753,24.4805,1.98471,1
2,754,24.0371,1.94077,1
2,755,24.3615,1.9723,1
2,756,24.2037,1.95579,1
2,757,24.1591,1.95474,1
2,758,24.5368,1.97023,1
2,759,24.6376,1.98178,1
2,760,24.6565,1.9838,1
2,761,24.3748,1.97879,1
2,762,24.3322,1.96388,1
2,763,24.6449,1.9844,1
2,764,24.5663,2.00485,1
2,765,24.6289,1.97629,1
2,766,24.7574,1.98884,1
2,767,24.1107,1.94098,1
2,768,0,0,0
3,1,30.7767,3.90024,1
3,2,30.9789,3.67893,1
3,3,31.2659,3.63241,1
3,4,30.9054,3.62962,1
3,5,30.9512,3.64221,1
3,6,30.9783,3.60372,1
3,7,30.8507,3.69458,1
3,8,30.957,3.57649,1
3,9,30.8414,3.709,1
3,10,31.1084,3.59771,1
3,11,30.9105,3.58589,1
3,12,31.3518,3.59517,1
3,13,31.5116,3.60748,1
3,14,31.0937,3.54593,1
3,15,30.664,3.63148,1
3,16,30.8663,3.53633,1
3,17,31.2099,3.61881,1
3,18,30.8451,3.53847,1
3,19,30.8502,3.59697,1
3,20,30.5661,3.5669,1
3,21,30.7984,3.51978,1
3,22,30.8028,3.58175,1
3,23,30.8918,3.54403,1
3,24,30.6324,3.54986,1
3,25,30.8089,3.57649,1
3,26,30.6172,3.51101,1
3,27,30.7971,3.53704,1
3,28,30.7344,3.57402,1
3,29,30.4098,3.50155,1
3,30,30.7109,3.52543,1
3,31,30.5328,3.51613,1
3,32,30.315,3.47706,1
3,33,0.5,0,0
3,34,30.1532,3.51065,1
3,35,30.0293,3.51502,1
3,36,30.504,3.54963,1
3,37,30.757,3.57467,1
3,38,30.4844,3.54659,1
3,39,30.6562,3.5779,1
3,40,30.8172,3.64077,1
3,41,30.6155,3.59267,1
3,42,0.5,0,0
3,43,30.3842,3.61931,1
3,44,30.3775,3.61066,1
3,45,31.3939,5.24155,0
3,46,31.073,5.33299,0
3,47,30.5144,3.60705,1
3,48,30.2276,3.55283,1
3,49,30.0983,3.61908,1
3,50,30.0752,3.59502,1
3,51,30.4921,3.57864,1
3,52,30.1173,3.55887,1
3,53,30.6132,3.59765,1
3,54,30.3081,3.61877,1
3,55,30.1258,3.64013,1
3,56,30.3176,3.61369,1
3,57,30.5193,3.61304,1
3,58,30.6106,3.6943,1
3,59,30.5285,3.63514,1
3,60,30.3917,3.5824,1
3,61,30.0482,3.63201,1
3,62,30.6458,3.63912,1
3,63,30.5173,3.67614,1
3,64,30.6842,3.62957,1
3,65,30.1737,3.63795,1
3,66,30.6087,3.61795,1
3,67,30.7274,3.6545,1
3,68,30.5204,3.64267,1
3,69,30.2918,3.646,1
3,70,30.9811,3.68965,1
3,71,30.3956,3.66426,1
3,72,30.7756,3.66105,1
3,73,30.3371,3.74252,1
3,74,30.2304,3.70889,1
3,75,30.2476,3.65882,1
3,76,29.9889,3.61415,1
3,77,30.3458,3.6562,1
3,78,30.18,3.82291,1
3,79,30.3033,3.68967,1
3,80,30.2425,3.67116,1
3,81,30.1567,3.63453,1
3,82,30.7486,3.63912,1
3,83,30.4954,3.66443,1
3,84,30.265,3.71432,1
3,85,30.6443,3.72553,1
3,86,30.2326,3.68083,1
3,87,30.5735,3.70361,1
3,88,30.5081,3.72235,1
3,89,30.4009,3.69277,1
3,90,29.811,3.62765,1
3,91,30.7309,3.70315,1
3,92,30.4215,3.69586,1
3,93,30.4748,3.68806,1
3,94,30.6974,3.68374,1
3,95,30.2109,3.65779,1
3,96,30.7319,3.67489,1
3,97,30.6379,3.56025,1
3,98,30.5812,3.74298,1
3,99,30.2819,3.69725,1
3,100,30.3169,3.70726,1
3,101,30.7254,3.69714,1
3,102,30.4579,3.65263,1
3,103,30.6519,3.68412,1
3,104,30.0698,3.64954,1
3,105,30.2615,22.1834,0
3,106,28.5989,22.3731,0
3,107,27.001,21.6442,0
3,108,25.53,19.8876,0
3,109,22.4687,13.5719,0
3,110,22.2817,13.6069,0
3,111,21.7316,13.7294,0
3,112,21.6128,13.6936,0
3,113,30.2088,3.621,1
3,114,30.4589,5.9415,0
3,115,30.3098,5.80112,0
3,116,30.2458,5.63153,0
3,117,30.0977,6.27561,0
3,118,30.5485,3.75576,1
3,119,30.5341,3.5539,1
3,120,29.9985,3.60087,1
3,121,22.1509,13.396,0
3,122,21.4139,13.3922,0
3,123,20.9403,13.6783,0
3,124,22.7973,13.8618,0
3,125,30.1114,3.68039,1
3,126,30.5369,3.79755,1
3,127,30.0552,3.86798,1
3,128,31.2816,3.92149,1
3,129,21.5422,2.74027,1
3,130,21.6726,2.73828,1
3,131,21.6392,2.836,1
3,132,21.5422,2.78942,1
3,133,21.8271,2.77184,1
3,134,21.4512,2.74096,1
3,135,21.5797,2.7711,1
3,136,21.4466,2.73479,1
3,137,21.6002,2.81451,1
3,138,21.7982,4.88867,1
3,139,21.2885,2.80475,1
3,140,22.0016,5.07768,0
3,141,21.5338,2.86863,1
3,142,21.4435,2.748,1
3,143,22.0306,4.84953,1
3,144,21.59,4.63064,1
3,145,21.1878,2.73106,1
3,146,21.4101,2.7959,1
3,147,21.8447,4.68406,1
3,148,21.7989,4.58114,1
3,149,22.253,4.7643,1
3,150,21.6037,3.96038,1
3,151,21.1895,3.54323,1
3,152,21.6962,2.88564,1
3,153,21.8923,2.84741,1
3,154,21.9647,2.86078,1
3,155,22.016,2.83927,1
3,156,22.1803,2.95169,1
3,157,21.7562,2.79963,1
3,158,22.0492,2.86138,1
3,159,22.1015,2.90461,1
3,160,21.843,4.5547,1
3,161,29.3454,20.2299,0
3,162,23.0311,4.82916,1
3,163,22.3503,2.84381,1
3,164,22.551,2.90952,1
3,165,22.5239,2.86543,1
3,166,22.3938,2.90718,1
3,167,22.3785,2.86885,1
3,168,22.3933,2.85483,1
3,169,22.163,2.85733,1
3,170,0.5,0,0
3,171,22.3306,2.84315,1
3,172,22.31,2.85606,1
3,173,22.4515,2.86428,1
3,174,22.3337,2.91791,1
3,175,22.4624,5.44035,0
3,176,22.3098,5.19307,0
3,177,22.4567,5.63208,0
3,178,22.2911,5.17439,0
3,179,22.5441,5.70798,0
3,180,22.4584,5.45107,0
3,181,22.6524,5.41882,0
3,182,22.6354,5.68616,0
3,183,22.5287,5.67943,0
3,184,22.4363,5.99622,0
3,185,22.5807,5.36656,0
3,186,22.3267,5.51917,0
3,187,22.3028,5.69738,0
3,188,22.304,3.06284,1
3,189,22.0706,2.91262,1
3,190,22.4024,4.88579,1
3,191,22.6783,5.07562,0
3,192,22.1399,2.86436,1
3,193,22.0603,2.9652,1
3,194,21.8385,4.84446,1
3,195,21.2038,2.83402,1
3,196,22.0512,4.78949,1
3,197,22.0991,4.77732,1
3,198,22.0941,4.7508,1
3,199,21.9133,4.68583,1
3,200,21.9115,4.74967,1
3,201,22.2056,4.7226,1
3,202,21.5729,2.89054,1
3,203,22.2256,5.00089,0
3,204,22.1433,4.88966,1
3,205,22.0475,5.0939,0
3,206,21.8579,2.82086,1
3,207,21.826,2.76251,1
3,208,22.2836,4.77331,1
3,209,21.9632,4.94791,1
3,210,21.5201,2.70476,1
3,211,21.7398,2.7169,1
3,212,21.5759,2.72134,1
3,213,21.5807,2.75299,1
3,214,21.6972,2.74679,1
3,215,21.7371,2.80753,1
3,216,21.6779,4.05114,1
3,217,22.3667,4.81096,1
3,218,21.5228,4.01582,1
3,219,21.7311,2.8013,1
3,220,21.6985,2.75812,1
3,221,21.4862,2.7871,1
3,222,21.9116,3.98972,1
3,223,21.7491,4.06642,1
3,224,22.5755,4.61557,1
3,225,22.2099,4.76258,1
3,226,21.7317,2.76469,1
3,227,21.807,2.80733,1
3,228,22.2665,4.93496,1
3,229,22.3223,4.72505,1
3,230,21.789,2.77123,1
3,231,21.7965,2.76698,1
3,232,21.948,2.75498,1
3,233,21.399,2.76025,1
3,234,22.0088,2.74933,1
3,235,21.6364,2.85384,1
3,236,21.63,2.75775,1
3,237,21.7363,2.8011,1
3,238,21.683,2.76266,1
3,239,21.7607,2.74261,1
3,240,21.6148,2.70454,1
3,241,21.5841,2.72104,1
3,242,21.7694,2.77358,1
3,243,21.7123,2.76953,1
3,244,21.7752,2.79865,1
3,245,21.6153,2.76612,1
3,246,21.7853,2.79329,1
3,247,21.3867,2.74756,1
3,248,21.5882,2.73293,1
3,249,22.1236,2.77514,1
3,250,21.5303,2.71104,1
3,251,21.494,2.77004,1
3,252,21.5816,2.73202,1
3,253,21.6525,2.7887,1
3,254,21.6327,2.90254,1
3,255,22.1796,2.15309,1
3,256,21.3335,2.9151,1
3,257,23.4989,1.9445,1
3,258,23.6189,1.87034,1
3,259,24.2961,1.89535,1
3,260,24.0039,2.03952,1
3,261,23.7808,1.93092,1
3,262,23.9322,1.9306,1
3,263,23.9165,1.77489,1
3,264,23.7553,1.94268,1
3,265,23.6364,1.87746,1
3,266,23.7505,1.93066,1
3,267,23.9989,1.77891,1
3,268,24.1698,1.98589,1
3,269,24.173,1.94536,1
3,270,24.0093,2.21215,1
3,271,24.3716,1.80479,1
3,272,23.9551,2.08287,1
3,273,23.7619,2.08053,1
3,274,23.4167,1.98022,1
3,275,24.3534,1.86055,1
3,276,23.9827,2.00113,1
3,277,23.9486,1.95598,1
3,278,23.7626,1.95636,1
3,279,23.7713,1.79455,1
3,280,23.5542,1.84735,1
3,281,24.0546,2.04907,1
3,282,23.9354,2.00516,1
3,283,23.6006,1.77835,1
3,284,23.952,1.97996,1
3,285,23.5326,1.89267,1
3,286,24.0286,2.10531,1
3,287,23.7422,1.77203,1
3,288,29.3449,20.23,0
3,289,22.1858,4.8226,1
3,290,22.9411,2.06391,1
3,291,23.3685,1.92095,1
3,292,23.3711,1.92604,1
3,293,23.4692,1.78134,1
3,294,23.306,1.93416,1
3,295,23.2488,1.93036,1
3,296,23.2062,2.048,1
3,297,23.5314,2.04662,1
3,298,0.5,0,0
3,299,23.2453,2.061,1
3,300,23.0216,2.13757,1
3,301,23.3537,1.93221,1
3,302,23.1706,2.03141,1
3,303,22.9048,2.76824,1
3,304,23.1883,2.27352,1
3,305,23.4675,1.98779,1
3,306,22.8829,2.16305,1
3,307,23.0563,2.05651,1
3,308,23.1357,2.06041,1
3,309,23.3619,1.8776,1
3,310,23.2962,1.95133,1
3,311,23.5228,2.03734,1
3,312,23.0274,2.09072,1
3,313,23.2937,1.99417,1
3,314,23.4404,2.0613,1
3,315,23.4575,2.26997,1
3,316,23.188,2.13843,1
3,317,23.7529,2.02069,1
3,318,22.9254,2.18916,1
3,319,23.3476,2.00256,1
3,320,23.4877,1.93249,1
3,321,23.4479,1.89881,1
3,322,23.3249,1.94907,1
3,323,23.5319,2.0114,1
3,324,23.1883,2.05698,1
3,325,23.7128,2.40578,1
3,326,23.3398,2.17393,1
3,327,23.3066,2.22763,1
3,328,23.3234,2.19909,1
3,329,23.3553,2.04419,1
3,330,23.2092,1.93834,1
3,331,23.4316,2.26012,1
3,332,23.4308,2.22906,1
3,333,23.783,2.16916,1
3,334,23.3812,2.3016,1
3,335,23.1723,2.397,1
3,336,23.2963,2.24246,1
3,337,23.6767,2.44078,1
3,338,23.5442,2.93066,1
3,339,23.1426,2.57064,1
3,340,23.5106,2.88764,1
3,341,23.2669,2.53811,1
3,342,23.6451,2.55091,1
3,343,23.2306,2.3798,1
3,344,23.4696,2.41195,1
3,345,23.7425,2.68538,1
3,346,23.4515,2.6102,1
3,347,23.6705,3.00837,1
3,348,23.6122,2.38345,1
3,349,24.3209,2.42031,1
3,350,23.5832,2.33747,1
3,351,23.1054,2.13725,1
3,352,23.7802,2.53873,1
3,353,23.1863,2.1549,1
3,354,23.8643,2.31924,1
3,355,24.0869,2.21785,1
3,356,23.4899,2.26801,1
3,357,23.2654,2.06649,1
3,358,23.8908,2.23317,1
3,359,23.7396,2.17276,1
3,360,23.8409,2.29131,1
3,361,23.7971,2.28266,1
3,362,23.735,2.31438,1
3,363,23.9927,2.12644,1
3,364,23.4731,2.38872,1
3,365,23.7772,2.27635,1
3,366,23.9288,2.21517,1
3,367,23.7606,2.28741,1
3,368,23.6136,2.29328,1
3,369,23.5027,2.22912,1
3,370,23.6442,2.3226,1
3,371,23.6678,2.2463,1
3,372,23.4669,2.25781,1
3,373,23.6769,2.24366,1
3,374,23.3665,2.13441,1
3,375,23.1258,2.22567,1
3,376,23.6912,2.35439,1
3,377,23.4549,2.2809,1
3,378,23.6582,2.32103,1
3,379,23.6291,2.26068,1
3,380,23.3397,2.23466,1
3,381,23.6877,2.31596,1
3,382,23.4585,2.31732,1
3,383,23.0328,2.28732,1
3,384,23.4947,1.88959,1
3,385,22.4298,2.46154,1
3,386,22.4717,2.51616,1
3,387,21.6314,2.48071,1
3,388,22.1416,2.46888,1
3,389,22.1706,2.50014,1
3,390,21.9827,2.51222,1
3,391,22.0549,2.45041,1
3,392,21.9625,2.43002,1
3,393,21.8095,2.41137,1
3,394,22.3299,2.4643,1
3,395,22.3313,2.4611,1
3,396,21.8509,2.43076,1
3,397,22.1932,2.45978,1
3,398,21.642,2.39173,1
3,399,21.7011,2.40441,1
3,400,21.7773,2.56237,1
3,401,23.0103,0.78917,1
3,402,21.8507,2.52138,1
3,403,22.0215,2.47389,1
3,404,21.8816,2.42002,1
3,405,22.0775,2.43605,1
3,406,21.8978,2.4107,1
3,407,22.2658,2.48283,1
3,408,22.4532,2.47412,1
3,409,22.3101,2.46424,1
3,410,22.5509,2.46914,1
3,411,22.3724,2.51325,1
3,412,22.5989,2.6052,1
3,413,22.7581,2.49043,1
3,414,22.6508,2.51367,1
3,415,22.1819,2.45756,1
3,416,23.4763,2.37522,1
3,417,23.9861,2.41505,1
3,418,29.3399,20.2289,0
3,419,23.1349,2.49782,1
3,420,22.8926,2.52613,1
3,421,22.9109,2.47158,1
3,422,23.2106,2.48591,1
3,423,23.1248,2.5246,1
3,424,23.1777,2.48956,1
3,425,23.1325,2.562,1
3,426,0.5,0,0
3,427,22.9037,2.54756,1
3,428,22.6473,2.47962,1
3,429,22.9563,2.46107,1
3,430,23.0326,2.43541,1
3,431,22.8977,2.48904,1
3,432,22.735,2.44416,1
3,433,23.0176,2.53438,1
3,434,23.1045,2.49957,1
3,435,22.8248,2.41662,1
3,436,23.1415,2.60963,1
3,437,23.0952,2.26707,1
3,438,23.048,2.4659,1
3,439,23.022,2.37492,1
3,440,22.9005,2.4137,1
3,441,22.8474,2.44542,1
3,442,23.2182,2.43077,1
3,443,22.7912,2.39929,1
3,444,22.9145,2.41959,1
3,445,22.9308,2.4806,1
3,446,22.9595,2.47335,1
3,447,23.121,2.47067,1
3,448,22.7904,2.38328,1
3,449,22.7326,2.4381,1
3,450,22.6723,2.53705,1
3,451,21.8265,2.58395,1
3,452,22.1989,2.48117,1
3,453,22.1783,2.43878,1
3,454,21.981,2.42208,1
3,455,21.9492,2.41633,1
3,456,21.9707,2.43169,1
3,457,22.3592,2.45235,1
3,458,22.3425,2.46254,1
3,459,22.0554,2.41708,1
3,460,21.7289,2.39881,1
3,461,21.9768,2.41139,1
3,462,22.0379,2.4114,1
3,463,22.1801,2.43579,1
3,464,22.1553,2.4109,1
3,465,21.8762,2.39535,1
3,466,22.2364,2.44689,1
3,467,22.2889,2.44814,1
3,468,22.0482,2.40437,1
3,469,21.9933,2.4016,1
3,470,22.4424,2.43265,1
3,471,22.0469,2.38292,1
3,472,22.1845,2.36382,1
3,473,22.2665,2.4077,1
3,474,22.0626,2.44169,1
3,475,22.2343,2.41712,1
3,476,22.0167,2.4016,1
3,477,22.3187,2.42428,1
3,478,22.301,2.41782,1
3,479,22.0304,2.35407,1
3,480,22.1,2.39677,1
3,481,22.0792,2.40989,1
3,482,22.091,2.40811,1
3,483,22.1267,2.40365,1
3,484,22.1066,2.39266,1
3,485,22.0853,2.39617,1
3,486,21.9947,2.37553,1
3,487,22.1579,2.43207,1
3,488,21.9179,2.38939,1
3,489,22.3696,2.40357,1
3,490,22.237,2.3743,1
3,491,21.9537,2.42151,1
3,492,21.8081,2.37199,1
3,493,21.9584,2.39478,1
3,494,21.7774,2.37415,1
3,495,21.8795,2.39843,1
3,496,21.6757,2.3508,1
3,497,21.5665,2.36877,1
3,498,21.7471,2.3927,1
3,499,22.0885,2.40307,1
3,500,21.7277,2.37365,1
3,501,22.0752,2.42789,1
3,502,21.9288,2.42404,1
3,503,21.9331,2.39833,1
3,504,21.9652,2.41433,1
3,505,22.1487,2.40853,1
3,506,21.9076,2.41716,1
3,507,22.172,2.44318,1
3,508,22.016,2.46022,1
3,509,21.9853,2.42403,1
3,510,22.016,2.38814,1
3,511,22.2462,2.44773,1
3,512,22.304,2.44026,1
3,513,24.1018,2.18354,1
3,514,23.7609,2.20974,1
3,515,23.9614,2.25248,1
3,516,24.0617,2.24681,1
3,517,23.8921,2.29088,1
3,518,23.9766,2.28994,1
3,519,23.9969,2.28183,1
3,520,24.5501,2.28232,1
3,521,23.5479,2.17094,1
3,522,23.4056,2.13123,1
3,523,24.0308,2.27074,1
3,524,24.0275,2.41584,1
3,525,23.9962,2.40399,1
3,526,23.8962,2.15621,1
3,527,23.7304,2.19996,1
3,528,23.92,2.21707,1
3,529,24.1816,2.29283,1
3,530,23.757,2.29551,1
3,531,23.9553,2.1653,1
3,532,24.2639,2.36791,1
3,533,23.9153,2.2684,1
3,534,23.8551,2.25893,1
3,535,23.98,2.20102,1
3,536,23.84,2.23071,1
3,537,23.6822,2.22611,1
3,538,23.9046,2.24531,1
3,539,23.8669,2.19558,1
3,540,23.8999,2.44389,1
3,541,23.6657,2.22035,1
3,542,24.0255,2.30882,1
3,543,29.4271,20.2756,0
3,544,22.3512,2.40542,1
3,545,22.0223,2.3906,1
3,546,22.315,2.44956,1
3,547,23.2462,2.14491,1
3,548,23.7415,2.23946,1
3,549,23.31,2.22013,1
3,550,23.4661,2.28154,1
3,551,23.4238,2.27817,1
3,552,23.4564,2.2313,1
3,553,23.3556,2.20085,1
3,554,0.5,0,0
3,555,23.0965,2.17773,1
3,556,22.8619,2.19126,1
3,557,23.0357,2.19081,1
3,558,23.0179,2.14655,1
3,559,22.9419,2.22857,1
3,560,22.8416,2.23716,1
3,561,22.5836,2.28222,1
3,562,22.8275,2.18954,1
3,563,22.657,2.26299,1
3,564,22.9922,2.2594,1
3,565,22.8683,2.34595,1
3,566,22.7933,2.19939,1
3,567,23.3512,2.30759,1
3,568,23.3381,2.27143,1
3,569,22.9433,2.15207,1
3,570,22.9751,2.22118,1
3,571,22.9436,2.24624,1
3,572,23.2659,2.53999,1
3,573,23.3757,2.48299,1
3,574,22.8066,2.13698,1
3,575,22.0834,2.09017,1
3,576,23.4023,2.13506,1
3,577,23.3624,2.08108,1
3,578,23.1667,2.23683,1
3,579,23.0276,2.16068,1
3,580,23.0512,2.16076,1
3,581,22.936,2.07926,1
3,582,22.9947,2.09754,1
3,583,23.2109,2.1162,1
3,584,22.8969,2.179,1
3,585,23.0856,2.13093,1
3,586,22.9587,2.1778,1
3,587,23.0226,2.09737,1
3,588,23.1949,2.14967,1
3,589,22.9151,2.12809,1
3,590,22.9777,2.14138,1
3,591,22.6987,2.05723,1
3,592,23.1454,2.06849,1
3,593,22.7154,2.20229,1
3,594,23.1151,2.05922,1
3,595,23.0943,2.1148,1
3,596,22.9663,2.09395,1
3,597,23.048,2.10101,1
3,598,22.6631,2.07844,1
3,599,23.3607,2.10221,1
3,600,23.1377,2.1538,1
3,601,23.1106,2.11372,1
3,602,23.2328,2.14827,1
3,603,23.015,2.12094,1
3,604,22.964,2.16084,1
3,605,23.3665,2.10271,1
3,606,23.4123,2.12011,1
3,607,23.2629,2.11736,1
3,608,23.3961,2.08567,1
3,609,23.243,2.09971,1
3,610,23.0775,2.14055,1
3,611,22.8033,2.12217,1
3,612,22.905,2.06652,1
3,613,23.1783,2.10021,1
3,614,22.9347,2.04684,1
3,615,22.8149,2.06993,1
3,616,22.9231,2.06639,1
3,617,22.9523,2.05744,1
3,618,22.9311,2.03548,1
3,619,22.8734,2.05867,1
3,620,22.9842,2.08757,1
3,621,22.9824,2.19298,1
3,622,23.0037,2.11123,1
3,623,23.1355,2.06379,1
3,624,23.1933,2.02136,1
3,625,23.115,2.05032,1
3,626,23.0321,2.03945,1
3,627,23.2822,2.0593,1
3,628,23.3215,2.0694,1
3,629,22.8136,2.04774,1
3,630,23.1427,2.04792,1
3,631,23.0817,2.04894,1
3,632,22.9468,2.07374,1
3,633,23.0593,2.05862,1
3,634,23.0468,2.20083,1
3,635,23.0147,2.06274,1
3,636,23.0464,2.07649,1
3,637,23.1379,2.1435,1
3,638,23.2057,2.27136,1
3,639,24.0045,2.45097,1
3,640,24.1745,2.26445,1
3,641,23.2685,1.93853,1
3,642,23.0505,1.95238,1
3,643,23.2871,2.008,1
3,644,23.2783,2.01694,1
3,645,23.2081,1.98643,1
3,646,23.4521,1.97726,1
3,647,23.2608,2.03115,1
3,648,22.9095,2.0939,1
3,649,23.386,1.97702,1
3,650,23.2527,1.97346,1
3,651,22.943,1.92658,1
3,652,23.0855,1.9632,1
3,653,23.2233,1.97756,1
3,654,22.9261,1.96355,1
3,655,22.851,1.96028,1
3,656,23.0297,1.97358,1
3,657,23.0299,2.02367,1
3,658,23.3883,2.03998,1
3,659,23.3799,2.00524,1
3,660,23.2812,3.14722,1
3,661,23.4013,2.03199,1
3,662,23.44,2.00133,1
3,663,23.4852,2.09748,1
3,664,23.562,2.02646,1
3,665,23.5164,1.97153,1
3,666,23.7509,2.19566,1
3,667,23.1383,1.99666,1
3,668,23.941,1.99459,1
3,669,23.6017,1.99536,1
3,670,23.4354,1.92264,1
3,671,22.8967,2.08284,1
3,672,23.0126,2.15459,1
3,673,22.8347,2.14913,1
3,674,23.1358,2.08964,1
3,675,29.4288,20.274,0
3,676,23.9659,2.0309,1
3,677,24.149,2.05943,1
3,678,24.0359,2.03849,1
3,679,24.1083,2.00383,1
3,680,24.0788,2.05993,1
3,681,23.9675,2.01056,1
3,682,0.5,0,0
3,683,24.0261,2.00737,1
3,684,23.9885,2.02682,1
3,685,23.885,2.02056,1
3,686,24.0774,2.03337,1
3,687,23.5924,3.10573,1
3,688,23.9626,2.02228,1
3,689,23.7098,2.01604,1
3,690,23.885,2.02002,1
3,691,23.8889,2.14989,1
3,692,23.6718,2.02985,1
3,693,24.2817,2.13036,1
3,694,24.0377,2.02155,1
3,695,23.9173,2.03509,1
3,696,23.727,2.08785,1
3,697,23.9626,2.05908,1
3,698,23.8443,2.00984,1
3,699,24.133,2.02905,1
3,700,23.4635,2.01084,1
3,701,24.0238,2.04458,1
3,702,24.1548,2.03256,1
3,703,24.1403,2.04654,1
3,704,24.0299,2.01394,1
3,705,23.6763,1.99894,1
3,706,24.0265,4.62517,1
3,707,24.027,4.49286,1
3,708,23.0305,2.0135,1
3,709,23.0211,1.93483,1
3,710,23.2518,1.97439,1
3,711,23.0177,1.94506,1
3,712,23.3698,1.97355,1
3,713,23.4302,1.98043,1
3,714,23.2026,1.94583,1
3,715,23.1819,1.98069,1
3,716,23.2965,1.94339,1
3,717,23.294,1.93577,1
3,718,23.2216,1.9751,1
3,719,23.2552,1.93402,1
3,720,23.2272,1.95094,1
3,721,23.4681,1.96075,1
3,722,23.4304,1.94931,1
3,723,23.3028,1.97526,1
3,724,23.2023,1.94322,1
3,725,23.0976,1.92527,1
3,726,23.2675,1.95659,1
3,727,23.4278,1.96416,1
3,728,23.4913,1.96005,1
3,729,23.4193,1.96127,1
3,730,23.3855,1.95432,1
3,731,23.2233,1.94808,1
3,732,23.2672,1.94563,1
3,733,23.1695,1.94717,1
3,734,23.4292,1.95064,1
3,735,23.0565,1.93267,1
3,736,23.3508,1.94665,1
3,737,23.1728,1.94707,1
3,738,23.2864,1.97893,1
3,739,23.1311,1.94593,1
3,740,22.8194,1.90162,1
3,741,23.1502,1.96467,1
3,742,23.1479,1.96696,1
3,743,23.0639,1.93118,1
3,744,23.2503,1.94943,1
3,745,23.1021,1.93295,1
3,746,22.8703,2.07972,1
3,747,23.2963,1.97575,1
3,748,23.0171,1.93739,1
3,749,23.2658,1.93309,1
3,750,22.7941,1.90489,1
3,751,23.2615,1.98207,1
3,752,22.8137,1.94889,1
3,753,23.1048,1.94778,1
3,754,22.783,1.90891,1
3,755,22.663,1.91081,1
3,756,23.1278,1.9464,1
3,757,22.9526,1.93039,1
3,758,23.2507,1.94569,1
3,759,22.7569,1.92178,1
3,760,23.0455,1.91958,1
3,761,23.2806,1.959,1
3,762,23.2519,1.95392,1
3,763,23.0256,1.93774,1
3,764,23.1589,1.94769,1
3,765,23.3747,1.95316,1
3,766,22.9462,1.92261,1
3,767,23.2038,1.93545,1
3,768,0,0,0
